Selection	View	Channel	Begin Time (s)	End Time (s)	Low Freq (Hz)	High Freq (Hz)	Max Freq (Hz)	Center Freq (Hz)	Avg Power Density (dB FS)	Delta Time (s)	Delta Freq (Hz)	Peak Freq (Hz)	Peak Time (s)	observacoes	PF- Check	modulacao	PI	sobreposicao
1	Spectrogram 1	1	143.542556341	143.798238144	8235.300	14117.600	12656.250	11250.000	-72.42	0.2557	5882.300	12656.250	143.7173		SA	A	0	SS
2	Spectrogram 1	1	143.558876456	143.558876456	8941.200	8941.200	8906.250	8906.250	-66.50	0.0000	0.000	8906.250	143.5573	FI				
3	Spectrogram 1	1	143.784638048	143.784638048	13647.100	13647.100	13687.500	13687.500	-68.06	0.0000	0.000	13687.500	143.7867	FF				
4	Spectrogram 1	1	144.584323688	144.772005012	9294.100	13529.400	11156.250	11156.250	-72.27	0.1877	4235.300	11156.250	144.6293		SA	A	0	SS
5	Spectrogram 1	1	144.589763727	144.589763727	9647.100	9647.100	9656.250	9656.250	-62.85	0.0000	0.000	9656.250	144.5920	FI				
6	Spectrogram 1	1	144.758404916	144.758404916	12588.200	12588.200	12562.500	12562.500	-77.05	0.0000	0.000	12562.500	144.7573	FF				
7	Spectrogram 1	1	211.798656057	212.133752469	13219.251	17058.800	15000.000	14812.500	-81.04	0.3351	3839.549	15000.000	212.0000		SA	A	0	SB
8	Spectrogram 1	1	211.806816115	211.806816115	14235.300	14235.300	14250.000	14250.000	-71.12	0.0000	0.000	14250.000	211.8080	FI				
9	Spectrogram 1	1	212.133218417	212.133218417	16705.900	16705.900	16687.500	16687.500	-80.43	0.0000	0.000	16687.500	212.1333	FF				
10	Spectrogram 1	1	222.810995428	223.199958171	8941.200	26823.500	12187.500	13218.750	-82.48	0.3890	17882.300	12187.500	222.8693		NA	A	0	SS
11	Spectrogram 1	1	222.832755581	222.832755581	9529.400	9529.400	9562.500	9562.500	-74.84	0.0000	0.000	9562.500	222.8320	FI				
12	Spectrogram 1	1	223.186358075	223.186358075	26470.600	26470.600	26437.500	26437.500	-84.49	0.0000	0.000	26437.500	223.1840	FF				
13	Spectrogram 1	1	319.617884143	319.762045160	10000.000	18823.500	14343.750	12843.750	-81.25	0.1442	8823.500	14343.750	319.6800		SA	A	0	SS
14	Spectrogram 1	1	319.626044201	319.626044201	10705.900	10705.900	10687.500	10687.500	-84.08	0.0000	0.000	10687.500	319.6267	FI				
15	Spectrogram 1	1	319.759325141	319.759325141	18235.300	18235.300	18281.250	18281.250	-93.72	0.0000	0.000	18281.250	319.7600	FF				
16	Spectrogram 1	1	294.248628824	294.460790320	11764.700	18941.200	12281.250	13968.750	-79.05	0.2122	7176.500	12281.250	294.2720		SA	A	0	SS
17	Spectrogram 1	1	294.270388977	294.270388977	12000.000	12000.000	12000.000	12000.000	-79.16	0.0000	0.000	12000.000	294.2720	FI				
18	Spectrogram 1	1	294.455350282	294.455350282	18235.300	18235.300	18281.250	18281.250	-70.37	0.0000	0.000	18281.250	294.4533	FF				
19	Spectrogram 1	1	293.709092909	293.934854502	14588.200	18117.600	15281.250	15656.250	-80.75	0.2258	3529.400	15281.250	293.8133		SA	A	0	SS
20	Spectrogram 1	1	293.722693005	293.722693005	14823.500	14823.500	14812.500	14812.500	-70.70	0.0000	0.000	14812.500	293.7227	FI				
21	Spectrogram 1	1	293.929414463	293.929414463	17647.100	17647.100	17625.000	17625.000	-78.09	0.0000	0.000	17625.000	293.9307	FF				
22	Spectrogram 1	1	370.169040579	370.408402267	11764.700	18352.900	13875.000	13875.000	-78.75	0.2394	6588.200	13875.000	370.2720		SA	A	0	SS
23	Spectrogram 1	1	370.179920656	370.179920656	11882.400	11882.400	11906.250	11906.250	-83.53	0.0000	0.000	11906.250	370.1813	FI				
24	Spectrogram 1	1	370.392082152	370.392082152	17882.400	17882.400	17906.250	17906.250	-83.21	0.0000	0.000	17906.250	370.3947	FF				
25	Spectrogram 1	1	416.955416453	417.328059081	13058.800	26705.900	14531.250	16781.250	-85.99	0.3726	13647.100	14531.250	417.3280		NA	A	0	SB
26	Spectrogram 1	1	416.963576510	416.963576510	13529.400	13529.400	13500.000	13500.000	-71.67	0.0000	0.000	13500.000	416.9653	FI				
27	Spectrogram 1	1	417.319899024	417.319899024	26235.300	26235.300	26250.000	26250.000	-81.48	0.0000	0.000	26250.000	417.3173	FF				
28	Spectrogram 1	1	440.052122298	440.422044908	9529.400	16000.000	10968.750	11625.000	-80.43	0.3699	6470.600	10968.750	440.2400		SA	A	0	SS
29	Spectrogram 1	1	440.076602471	440.076602471	9764.700	9764.700	9750.000	9750.000	-81.09	0.0000	0.000	9750.000	440.0747	FI				
30	Spectrogram 1	1	440.411164831	440.411164831	15411.800	15411.800	15375.000	15375.000	-87.59	0.0000	0.000	15375.000	440.4107	FF				
31	Spectrogram 1	1	500.265271172	500.496472803	9529.400	16470.600	11156.250	11718.750	-80.69	0.2312	6941.200	11156.250	500.3627		SA	A	0	SS
32	Spectrogram 1	1	500.278871268	500.278871268	9882.400	9882.400	9843.750	9843.750	-93.03	0.0000	0.000	9843.750	500.2773	FI				
33	Spectrogram 1	1	500.491032765	500.491032765	15764.700	15764.700	15750.000	15750.000	-78.52	0.0000	0.000	15750.000	500.4907	FF				
34	Spectrogram 1	1	493.843063646	494.136825718	10235.300	16705.900	10781.250	12187.500	-81.68	0.2938	6470.600	10781.250	493.9307		SA	A	0	SS
35	Spectrogram 1	1	493.862103781	493.862103781	10470.600	10470.600	10500.000	10500.000	-75.40	0.0000	0.000	10500.000	493.8613	FI				
36	Spectrogram 1	1	494.125945642	494.125945642	16352.900	16352.900	16312.500	16312.500	-77.97	0.0000	0.000	16312.500	494.1280	FF				
37	Spectrogram 1	1	494.710749766	494.928351301	9882.400	16588.200	11718.750	11625.000	-80.66	0.2176	6705.800	11718.750	494.7947		SA	A	0	SS
38	Spectrogram 1	1	494.732509920	494.732509920	10117.600	10117.600	10125.000	10125.000	-78.78	0.0000	0.000	10125.000	494.7307	FI				
39	Spectrogram 1	1	494.914751205	494.914751205	16352.900	16352.900	16312.500	16312.500	-70.15	0.0000	0.000	16312.500	494.9173	FF				
40	Spectrogram 1	1	496.023331520	496.265413228	10352.900	16588.200	11156.250	11906.250	-80.61	0.2421	6235.300	11156.250	496.1120		SA	A	0	SB
41	Spectrogram 1	1	496.034211597	496.034211597	10823.500	10823.500	10781.250	10781.250	-82.00	0.0000	0.000	10781.250	496.0320	FI				
42	Spectrogram 1	1	496.257253170	496.257253170	16235.300	16235.300	16218.750	16218.750	-76.33	0.0000	0.000	16218.750	496.2560	FF				
43	Spectrogram 1	1	505.535299434	505.815461410	9882.400	16823.500	11531.250	11625.000	-81.48	0.2802	6941.100	11531.250	505.6480		SA	A	0	SB
44	Spectrogram 1	1	505.543459491	505.543459491	11647.100	11647.100	11625.000	11625.000	-84.56	0.0000	0.000	11625.000	505.5413	FI				
45	Spectrogram 1	1	505.804581333	505.804581333	16588.200	16588.200	16593.750	16593.750	-76.31	0.0000	0.000	16593.750	505.8027	FF				
46	Spectrogram 1	1	509.060579343	509.332581261	10470.600	16470.600	13312.500	12375.000	-81.34	0.2720	6000.000	13312.500	509.2320		SA	A	0	SS
47	Spectrogram 1	1	509.074179439	509.074179439	12117.600	12117.600	12093.750	12093.750	-83.03	0.0000	0.000	12093.750	509.0720	FI				
48	Spectrogram 1	1	509.327141223	509.327141223	16117.600	16117.600	16125.000	16125.000	-91.00	0.0000	0.000	16125.000	509.3280	FF				
49	Spectrogram 1	1	509.438662010	509.650823506	16000.000	20823.500	20343.750	19312.500	-84.64	0.2122	4823.500	20343.750	509.6320		SA	A	0	SS
50	Spectrogram 1	1	509.446822067	509.446822067	16588.200	16588.200	16593.750	16593.750	-83.43	0.0000	0.000	16593.750	509.4453	FI				
51	Spectrogram 1	1	509.642663449	509.642663449	20470.600	20470.600	20437.500	20437.500	-70.96	0.0000	0.000	20437.500	509.6427	FF				
52	Spectrogram 1	1	509.822184715	510.058826384	10588.200	16823.500	11625.000	11906.250	-80.38	0.2366	6235.300	11625.000	509.9307		SA	A	0	SS
53	Spectrogram 1	1	509.833064791	509.833064791	11882.400	11882.400	11906.250	11906.250	-97.50	0.0000	0.000	11906.250	509.8347	FI				
54	Spectrogram 1	1	510.050666326	510.050666326	16705.900	16705.900	16687.500	16687.500	-85.90	0.0000	0.000	16687.500	510.0533	FF				
55	Spectrogram 1	1	513.063712763	513.313954528	10470.600	16470.600	14250.000	12750.000	-80.11	0.2502	6000.000	14250.000	513.2427		SA	A	0	SS
56	Spectrogram 1	1	513.077312859	513.077312859	10941.200	10941.200	10968.750	10968.750	-71.08	0.0000	0.000	10968.750	513.0773	FI				
57	Spectrogram 1	1	513.305794471	513.305794471	16352.900	16352.900	16312.500	16312.500	-69.39	0.0000	0.000	16312.500	513.3067	FF				
58	Spectrogram 1	1	517.355060519	517.656982648	9882.400	16705.900	10875.000	11437.500	-80.99	0.3019	6823.500	10875.000	517.4507		SA	A	0	SB
59	Spectrogram 1	1	517.363220576	517.363220576	10588.200	10588.200	10593.750	10593.750	-73.42	0.0000	0.000	10593.750	517.3653	FI				
60	Spectrogram 1	1	517.651542610	517.651542610	16352.900	16352.900	16312.500	16312.500	-78.32	0.0000	0.000	16312.500	517.6533	FF				
61	Spectrogram 1	1	523.570019505	523.831141347	10470.600	16705.900	14250.000	12843.750	-79.75	0.2611	6235.300	14250.000	523.7707		SA	A	0	SB
62	Spectrogram 1	1	523.580899582	523.580899582	10823.500	10823.500	10781.250	10781.250	-72.22	0.0000	0.000	10781.250	523.5787	FI				
63	Spectrogram 1	1	523.825701308	523.825701308	16117.600	16117.600	16125.000	16125.000	-68.68	0.0000	0.000	16125.000	523.8240	FF				
64	Spectrogram 1	1	524.334344896	524.554666450	10000.000	16352.900	13031.250	12375.000	-81.12	0.2203	6352.900	13031.250	524.4533		SA	A	0	SB
65	Spectrogram 1	1	524.353385030	524.353385030	10235.300	10235.300	10218.750	10218.750	-79.72	0.0000	0.000	10218.750	524.3520	FI				
66	Spectrogram 1	1	524.541066354	524.541066354	15882.400	15882.400	15843.750	15843.750	-86.31	0.0000	0.000	15843.750	524.5387	FF				
67	Spectrogram 1	1	525.038513580	525.324115594	8941.200	12705.900	11343.750	10781.250	-78.22	0.2856	3764.700	11343.750	525.2747		SA	A	0	SB
68	Spectrogram 1	1	525.054833695	525.054833695	9294.100	9294.100	9281.250	9281.250	-76.91	0.0000	0.000	9281.250	525.0560	FI				
69	Spectrogram 1	1	525.313235517	525.313235517	12117.600	12117.600	12093.750	12093.750	-72.68	0.0000	0.000	12093.750	525.3120	FF				
70	Spectrogram 1	1	526.526154125	526.798156044	8470.600	11294.100	10593.750	10031.250	-78.16	0.2720	2823.500	10593.750	526.7467		SA	A	0	SB
71	Spectrogram 1	1	526.539754221	526.539754221	8823.500	8823.500	8812.500	8812.500	-82.03	0.0000	0.000	8812.500	526.5387	FI				
72	Spectrogram 1	1	526.781835929	526.781835929	10941.200	10941.200	10968.750	10968.750	-67.41	0.0000	0.000	10968.750	526.7840	FF				
73	Spectrogram 1	1	539.765559363	539.996760993	10941.200	21647.100	14718.750	14437.500	-85.01	0.2312	10705.900	14718.750	539.8667		SA	A	0	SS
74	Spectrogram 1	1	539.762839343	539.762839343	11411.800	11411.800	11437.500	11437.500	-77.47	0.0000	0.000	11437.500	539.7653	FI				
75	Spectrogram 1	1	539.991320955	539.991320955	20823.500	20823.500	20812.500	20812.500	-88.03	0.0000	0.000	20812.500	539.9893	FF				
76	Spectrogram 1	1	540.470044332	540.752926327	13294.100	21647.100	16031.250	15937.500	-86.43	0.2829	8353.000	16031.250	540.6133		SA	A	0	SS
77	Spectrogram 1	1	540.483644427	540.483644427	13882.400	13882.400	13875.000	13875.000	-93.69	0.0000	0.000	13875.000	540.4853	FI				
78	Spectrogram 1	1	540.744766269	540.744766269	20352.900	20352.900	20343.750	20343.750	-83.64	0.0000	0.000	20343.750	540.7467	FF				
79	Spectrogram 1	1	546.197248656	546.433890325	12941.200	20117.600	13406.250	15468.750	-85.46	0.2366	7176.400	13406.250	546.4000		NA	A	0	SS
80	Spectrogram 1	1	546.216288790	546.216288790	13294.100	13294.100	13312.500	13312.500	-79.97	0.0000	0.000	13312.500	546.2187	FI				
81	Spectrogram 1	1	546.425730267	546.425730267	19411.800	19411.800	19406.250	19406.250	-85.50	0.0000	0.000	19406.250	546.4267	FF				
82	Spectrogram 1	1	559.552634430	559.753915850	10941.200	18352.900	11812.500	13031.250	-82.07	0.2013	7411.700	11812.500	559.5893		SA	A	0	SS
83	Spectrogram 1	1	559.571674564	559.571674564	11529.400	11529.400	11531.250	11531.250	-77.54	0.0000	0.000	11531.250	559.5733	FI				
84	Spectrogram 1	1	559.748475811	559.748475811	18117.600	18117.600	18093.750	18093.750	-84.15	0.0000	0.000	18093.750	559.7493	FF				
85	Spectrogram 1	1	600.728663192	601.133946051	7647.100	22235.300	11156.250	12375.000	-82.76	0.4053	14588.200	11156.250	600.9280		NA	A	0	SS
86	Spectrogram 1	1	600.739543269	600.739543269	8352.900	8352.900	8343.750	8343.750	-82.40	0.0000	0.000	8343.750	600.7413	FI				
87	Spectrogram 1	1	601.125785993	601.125785993	21764.700	21764.700	21750.000	21750.000	-85.34	0.0000	0.000	21750.000	601.1253	FF				
88	Spectrogram 1	1	636.910598961	637.256041397	8941.200	21529.400	11812.500	11718.750	-81.04	0.3454	12588.200	11812.500	637.0453		SA	A	0	SS
89	Spectrogram 1	1	636.926919076	636.926919076	9176.500	9176.500	9187.500	9187.500	-85.55	0.0000	0.000	9187.500	636.9280	FI				
90	Spectrogram 1	1	637.242441301	637.242441301	20941.200	20941.200	20906.250	20906.250	-77.91	0.0000	0.000	20906.250	637.2427	FF				
91	Spectrogram 1	1	671.329861242	671.803144580	8352.900	19176.500	9281.250	11718.750	-82.59	0.4733	10823.600	9281.250	671.4240		NA	A	0	SS
92	Spectrogram 1	1	671.346181357	671.346181357	8823.500	8823.500	8812.500	8812.500	-89.09	0.0000	0.000	8812.500	671.3440	FI				
93	Spectrogram 1	1	671.794984523	671.794984523	18705.900	18705.900	18750.000	18750.000	-82.63	0.0000	0.000	18750.000	671.7973	FF				
94	Spectrogram 1	1	679.677765238	679.971527310	8235.300	11411.800	9187.500	9562.500	-76.67	0.2938	3176.500	9187.500	679.8240		SA	A	0	SS
95	Spectrogram 1	1	679.696805372	679.696805372	8470.600	8470.600	8437.500	8437.500	-81.42	0.0000	0.000	8437.500	679.6960	FI				
96	Spectrogram 1	1	679.960647233	679.960647233	11176.500	11176.500	11156.250	11156.250	-72.02	0.0000	0.000	11156.250	679.9627	FF				
97	Spectrogram 1	1	694.751124685	694.987766354	10941.200	18352.900	15562.500	13218.750	-81.62	0.2366	7411.700	15562.500	694.8640		SA	A	0	SS
98	Spectrogram 1	1	694.764724781	694.764724781	11294.100	11294.100	11250.000	11250.000	-74.36	0.0000	0.000	11250.000	694.7627	FI				
99	Spectrogram 1	1	694.976886277	694.976886277	17882.400	17882.400	17906.250	17906.250	-84.22	0.0000	0.000	17906.250	694.9760	FF				
100	Spectrogram 1	1	712.581844679	712.962647365	10941.200	19411.800	19218.750	13312.500	-81.77	0.3808	8470.600	19218.750	712.9333		NA	A	0	SB
101	Spectrogram 1	1	712.598164794	712.598164794	11529.400	11529.400	11531.250	11531.250	-74.43	0.0000	0.000	11531.250	712.5973	FI				
102	Spectrogram 1	1	712.943607231	712.943607231	19176.500	19176.500	19218.750	19218.750	-67.96	0.0000	0.000	19218.750	712.9440	FF				
103	Spectrogram 1	1	713.474010972	713.775933101	10823.500	19176.500	18656.250	12750.000	-81.55	0.3019	8353.000	18656.250	713.7227		SA	A	0	SB
104	Spectrogram 1	1	713.495771125	713.495771125	11411.800	11411.800	11437.500	11437.500	-78.07	0.0000	0.000	11437.500	713.4933	FI				
105	Spectrogram 1	1	713.759612986	713.759612986	19058.800	19058.800	19031.250	19031.250	-69.92	0.0000	0.000	19031.250	713.7600	FF				
106	Spectrogram 1	1	730.576737940	730.884100108	8000.000	13647.100	12187.500	11156.250	-77.06	0.3074	5647.100	12187.500	730.8267		SA	A	0	SB
107	Spectrogram 1	1	730.587618017	730.587618017	8705.900	8705.900	8718.750	8718.750	-78.53	0.0000	0.000	8718.750	730.5867	FI				
108	Spectrogram 1	1	730.878660070	730.878660070	13058.800	13058.800	13031.250	13031.250	-79.65	0.0000	0.000	13031.250	730.8800	FF				
109	Spectrogram 1	1	731.458024156	731.683785749	9411.800	13411.800	12843.750	12187.500	-76.73	0.2258	4000.000	12843.750	731.6587		SA	A	0	SS
110	Spectrogram 1	1	731.471624252	731.471624252	9882.400	9882.400	9843.750	9843.750	-82.74	0.0000	0.000	9843.750	731.4720	FI				
111	Spectrogram 1	1	731.683785749	731.683785749	13176.500	13176.500	13218.750	13218.750	-67.33	0.0000	0.000	13218.750	731.6853	FF				
112	Spectrogram 1	1	732.522977828	732.805859823	8588.200	13058.800	12468.750	11343.750	-77.04	0.2829	4470.600	12468.750	732.7467		SA	A	0	SB
113	Spectrogram 1	1	732.536577924	732.536577924	9058.800	9058.800	9093.750	9093.750	-74.87	0.0000	0.000	9093.750	732.5387	FI				
114	Spectrogram 1	1	732.800419785	732.800419785	12588.200	12588.200	12562.500	12562.500	-62.64	0.0000	0.000	12562.500	732.8000	FF				
115	Spectrogram 1	1	739.495847327	739.751529130	10352.900	13294.100	12562.500	12000.000	-75.90	0.2557	2941.200	12562.500	739.7067		SA	A	0	SB
116	Spectrogram 1	1	739.509447423	739.509447423	10823.500	10823.500	10781.250	10781.250	-69.27	0.0000	0.000	10781.250	739.5093	FI				
117	Spectrogram 1	1	739.746089092	739.746089092	12941.200	12941.200	12937.500	12937.500	-69.74	0.0000	0.000	12937.500	739.7440	FF				
118	Spectrogram 1	1	740.488654329	740.719855960	10470.600	12823.500	12562.500	12093.750	-72.95	0.2312	2352.900	12562.500	740.6773		SA	A	0	SB
119	Spectrogram 1	1	740.502254425	740.502254425	10705.900	10705.900	10687.500	10687.500	-71.47	0.0000	0.000	10687.500	740.5013	FI				
120	Spectrogram 1	1	740.708975883	740.708975883	12588.200	12588.200	12562.500	12562.500	-69.03	0.0000	0.000	12562.500	740.7093	FF				
121	Spectrogram 1	1	745.731586178	745.932867598	13176.500	14941.200	14156.250	14062.500	-78.44	0.2013	1764.700	14156.250	745.8720		SA	C	0	SB
122	Spectrogram 1	1	745.747906293	745.747906293	13529.400	13529.400	13500.000	13500.000	-85.97	0.0000	0.000	13500.000	745.7493	FI				
123	Spectrogram 1	1	745.921987521	745.921987521	14352.900	14352.900	14343.750	14343.750	-67.15	0.0000	0.000	14343.750	745.9200	FF				
124	Spectrogram 1	1	746.656392701	746.920234562	9294.100	13882.400	11718.750	11437.500	-77.43	0.2638	4588.300	11718.750	746.8373		SA	A	0	SB
125	Spectrogram 1	1	746.678152855	746.678152855	9647.100	9647.100	9656.250	9656.250	-79.85	0.0000	0.000	9656.250	746.6773	FI				
126	Spectrogram 1	1	746.906634466	746.906634466	13411.800	13411.800	13406.250	13406.250	-69.26	0.0000	0.000	13406.250	746.9067	FF				
127	Spectrogram 1	1	773.341919185	773.652001372	8470.600	12941.200	12468.750	11718.750	-75.36	0.3101	4470.600	12468.750	773.6373		SA	A	0	SB
128	Spectrogram 1	1	773.344639205	773.344639205	9176.500	9176.500	9187.500	9187.500	-75.68	0.0000	0.000	9187.500	773.3440	FI				
129	Spectrogram 1	1	773.641121296	773.641121296	12352.900	12352.900	12375.000	12375.000	-64.78	0.0000	0.000	12375.000	773.6427	FF				
130	Spectrogram 1	1	808.430734423	808.751696687	8117.600	13882.400	11531.250	11250.000	-76.19	0.3210	5764.800	11531.250	808.6080		SA	A	0	SB
131	Spectrogram 1	1	808.444334519	808.444334519	8705.900	8705.900	8718.750	8718.750	-72.69	0.0000	0.000	8718.750	808.4427	FI				
132	Spectrogram 1	1	808.732656553	808.732656553	13411.800	13411.800	13406.250	13406.250	-76.90	0.0000	0.000	13406.250	808.7307	FF				
133	Spectrogram 1	1	832.204960812	832.501442903	8588.200	13647.100	11437.500	10875.000	-75.48	0.2965	5058.900	11437.500	832.3840		SA	A	0	SB
134	Spectrogram 1	1	832.229440985	832.229440985	9058.800	9058.800	9093.750	9093.750	-71.77	0.0000	0.000	9093.750	832.2293	FI				
135	Spectrogram 1	1	832.482402769	832.482402769	13058.800	13058.800	13031.250	13031.250	-84.66	0.0000	0.000	13031.250	832.4800	FF				
136	Spectrogram 1	1	837.367377348	837.633939228	8117.600	17058.800	11437.500	11531.250	-77.56	0.2666	8941.200	11437.500	837.4933		SA	A	0	SB
137	Spectrogram 1	1	837.391857521	837.391857521	8588.200	8588.200	8625.000	8625.000	-74.77	0.0000	0.000	8625.000	837.3920	FI				
138	Spectrogram 1	1	837.631219209	837.631219209	16117.600	16117.600	16125.000	16125.000	-91.87	0.0000	0.000	16125.000	837.6320	FF				
139	Spectrogram 1	1	838.022901972	838.278583775	12352.900	14117.600	13500.000	13500.000	-72.05	0.2557	1764.700	13500.000	838.1867		SA	C	0	SB
140	Spectrogram 1	1	838.033782048	838.033782048	12588.200	12588.200	12562.500	12562.500	-76.52	0.0000	0.000	12562.500	838.0320	FI				
141	Spectrogram 1	1	838.273143737	838.273143737	13764.700	13764.700	13781.250	13781.250	-66.04	0.0000	0.000	13781.250	838.2720	FF				
142	Spectrogram 1	1	860.057931832	860.351693904	9882.400	16235.300	10875.000	11437.500	-77.16	0.2938	6352.900	10875.000	860.1760		SA	A	0	SS
143	Spectrogram 1	1	860.060651851	860.060651851	10941.200	10941.200	10968.750	10968.750	-79.82	0.0000	0.000	10968.750	860.0587	FI				
144	Spectrogram 1	1	860.343533846	860.343533846	15882.400	15882.400	15843.750	15843.750	-74.22	0.0000	0.000	15843.750	860.3413	FF				
145	Spectrogram 1	1	920.398260328	920.751862822	10352.900	19529.400	13500.000	13406.250	-78.23	0.3536	9176.500	13500.000	920.5333		SA	A	0	SS
146	Spectrogram 1	1	920.420020482	920.420020482	10941.200	10941.200	10968.750	10968.750	-77.56	0.0000	0.000	10968.750	920.4213	FI				
147	Spectrogram 1	1	920.740982745	920.740982745	19294.100	19294.100	19312.500	19312.500	-80.61	0.0000	0.000	19312.500	920.7413	FF				
148	Spectrogram 1	1	924.210013479	924.506495571	13882.400	17529.400	15375.000	15562.500	-80.46	0.2965	3647.000	15375.000	924.3733		SA	A	0	SB
149	Spectrogram 1	1	924.220893556	924.220893556	14705.900	14705.900	14718.750	14718.750	-87.36	0.0000	0.000	14718.750	924.2187	FI				
150	Spectrogram 1	1	924.484735417	924.484735417	17294.100	17294.100	17250.000	17250.000	-71.35	0.0000	0.000	17250.000	924.4853	FF				
151	Spectrogram 1	1	924.639776511	925.080419619	8470.600	29294.100	11250.000	11718.750	-81.11	0.4406	20823.500	11250.000	924.7360		SA	A	0	SB
152	Spectrogram 1	1	924.656096626	924.656096626	9058.800	9058.800	9093.750	9093.750	-82.12	0.0000	0.000	9093.750	924.6560	FI				
153	Spectrogram 1	1	925.074979580	925.074979580	28705.900	28705.900	28687.500	28687.500	-86.89	0.0000	0.000	28687.500	925.0773	FF				
154	Spectrogram 1	1	948.174394549	948.508956908	14117.600	17647.100	14531.250	15093.750	-78.21	0.3346	3529.500	14531.250	948.3200		SA	A	0	SS
155	Spectrogram 1	1	948.193434683	948.193434683	15882.400	15882.400	15843.750	15843.750	-78.04	0.0000	0.000	15843.750	948.1920	FI				
156	Spectrogram 1	1	948.506236889	948.506236889	17411.800	17411.800	17437.500	17437.500	-73.47	0.0000	0.000	17437.500	948.5067	FF				
157	Spectrogram 1	1	972.549443875	972.848645986	9176.500	12823.500	11625.000	11531.250	-71.32	0.2992	3647.000	11625.000	972.7467		SA	A	0	SS
158	Spectrogram 1	1	972.576644067	972.576644067	9647.100	9647.100	9656.250	9656.250	-70.85	0.0000	0.000	9656.250	972.5760	FI				
159	Spectrogram 1	1	972.840485928	972.840485928	12235.300	12235.300	12281.250	12281.250	-77.37	0.0000	0.000	12281.250	972.8427	FF				
160	Spectrogram 1	1	974.201923223	974.476645161	10000.000	13176.500	12093.750	11812.500	-71.01	0.2747	3176.500	12093.750	974.3787		SA	A	0	SS
161	Spectrogram 1	1	974.220963358	974.220963358	10235.300	10235.300	10218.750	10218.750	-73.98	0.0000	0.000	10218.750	974.2187	FI				
162	Spectrogram 1	1	974.460325046	974.460325046	12705.900	12705.900	12750.000	12750.000	-63.15	0.0000	0.000	12750.000	974.4587	FF				
163	Spectrogram 1	1	975.085929458	975.336171223	8941.200	13411.800	11812.500	11531.250	-71.68	0.2502	4470.600	11812.500	975.2213		SA	A	0	SS
164	Spectrogram 1	1	975.091369497	975.091369497	9882.400	9882.400	9843.750	9843.750	-68.43	0.0000	0.000	9843.750	975.0933	FI				
165	Spectrogram 1	1	975.325291147	975.325291147	12941.200	12941.200	12937.500	12937.500	-74.09	0.0000	0.000	12937.500	975.3227	FF				
166	Spectrogram 1	1	975.983220356	976.252502255	9176.500	13058.800	12093.750	11437.500	-70.29	0.2693	3882.300	12093.750	976.2080		SA	A	0	SS
167	Spectrogram 1	1	975.999540471	975.999540471	9647.100	9647.100	9656.250	9656.250	-62.49	0.0000	0.000	9656.250	976.0000	FI				
168	Spectrogram 1	1	976.238902159	976.238902159	12823.500	12823.500	12843.750	12843.750	-74.84	0.0000	0.000	12843.750	976.2400	FF				
169	Spectrogram 1	1	976.970587320	977.248029277	8941.200	13058.800	12187.500	11156.250	-70.76	0.2774	4117.600	12187.500	977.2053		SA	A	0	SS
170	Spectrogram 1	1	976.984187416	976.984187416	9529.400	9529.400	9562.500	9562.500	-66.80	0.0000	0.000	9562.500	976.9867	FI				
171	Spectrogram 1	1	977.239869219	977.239869219	12588.200	12588.200	12562.500	12562.500	-68.31	0.0000	0.000	12562.500	977.2373	FF				
172	Spectrogram 1	1	980.511316457	980.851318855	8705.900	13882.400	12187.500	11812.500	-73.11	0.3400	5176.500	12187.500	980.7627		SA	A	0	SB
173	Spectrogram 1	1	980.519476515	980.519476515	9411.800	9411.800	9375.000	9375.000	-80.84	0.0000	0.000	9375.000	980.5173	FI				
174	Spectrogram 1	1	980.843158798	980.843158798	13176.500	13176.500	13218.750	13218.750	-70.64	0.0000	0.000	13218.750	980.8427	FF				
175	Spectrogram 1	1	1020.217767244	1020.617610064	9882.400	23176.500	11906.250	12468.750	-80.58	0.3998	13294.100	11906.250	1020.3573		SA	A	0	SB
176	Spectrogram 1	1	1020.236807378	1020.236807378	10588.200	10588.200	10593.750	10593.750	-70.43	0.0000	0.000	10593.750	1020.2347	FI				
177	Spectrogram 1	1	1020.609450007	1020.609450007	22823.500	22823.500	22781.250	22781.250	-81.03	0.0000	0.000	22781.250	1020.6080	FF				
178	Spectrogram 1	1	1020.960332482	1021.270414669	9764.700	24705.900	11156.250	12843.750	-83.75	0.3101	14941.200	11156.250	1021.0560		SA	A	0	SB
179	Spectrogram 1	1	1020.971212558	1020.971212558	11647.100	11647.100	11625.000	11625.000	-76.44	0.0000	0.000	11625.000	1020.9707	FI				
180	Spectrogram 1	1	1021.270414669	1021.270414669	24352.900	24352.900	24375.000	24375.000	-91.94	0.0000	0.000	24375.000	1021.2693	FF				
181	Spectrogram 1	1	1070.207127966	1070.589505433	11058.824	16000.000	14812.500	13687.500	-80.21	0.3824	4941.176	14812.500	1070.4160		SA	A	0	SB
182	Spectrogram 1	1	1070.222123161	1070.222123161	11764.706	11764.706	11718.750	11718.750	-78.70	0.0000	0.000	11718.750	1070.2240	FI				
183	Spectrogram 1	1	1070.567012641	1070.567012641	15647.059	15647.059	15656.250	15656.250	-69.47	0.0000	0.000	15656.250	1070.5653	FF				
184	Spectrogram 1	1	1071.200559620	1071.402994750	12705.882	25058.824	16406.250	15468.750	-80.55	0.2024	12352.942	16406.250	1071.3440		SA	A	0	SB
185	Spectrogram 1	1	1071.234298808	1071.234298808	13176.471	13176.471	13218.750	13218.750	-84.21	0.0000	0.000	13218.750	1071.2320	FI				
186	Spectrogram 1	1	1071.399245951	1071.399245951	24470.588	24470.588	24468.750	24468.750	-85.01	0.0000	0.000	24468.750	1071.3973	FF				
187	Spectrogram 1	1	1076.190035476	1076.624896125	10470.588	22823.529	17156.250	17062.500	-78.13	0.4349	12352.941	17156.250	1076.4907		SA	A	0	SB
188	Spectrogram 1	1	1076.216277067	1076.216277067	10705.882	10705.882	10687.500	10687.500	-77.54	0.0000	0.000	10687.500	1076.2187	FI				
189	Spectrogram 1	1	1076.606152131	1076.606152131	22117.647	22117.647	22125.000	22125.000	-72.62	0.0000	0.000	22125.000	1076.6080	FF				
190	Spectrogram 1	1	1077.332976383	1077.516667519	12000.000	21411.765	13968.750	16500.000	-76.18	0.1837	9411.765	13968.750	1077.3760		SA	A	0	SB
191	Spectrogram 1	1	1077.355469175	1077.355469175	12941.176	12941.176	12937.500	12937.500	-63.10	0.0000	0.000	12937.500	1077.3547	FI				
192	Spectrogram 1	1	1077.509169922	1077.509169922	20941.176	20941.176	20906.250	20906.250	-76.67	0.0000	0.000	20906.250	1077.5093	FF				
193	Spectrogram 1	1	1084.633739538	1084.956136225	8235.294	21764.706	16875.000	12562.500	-77.49	0.3224	13529.412	16875.000	1084.8000		SA	A	0	SB
194	Spectrogram 1	1	1084.648734732	1084.648734732	8941.176	8941.176	8906.250	8906.250	-62.36	0.0000	0.000	8906.250	1084.6507	FI				
195	Spectrogram 1	1	1084.941141031	1084.941141031	21647.059	21647.059	21656.250	21656.250	-78.16	0.0000	0.000	21656.250	1084.9387	FF				
196	Spectrogram 1	1	1137.319201421	1137.684709294	12545.455	18117.647	15281.250	15093.750	-71.87	0.3655	5572.192	15281.250	1137.4560		SA	A	0	SB
197	Spectrogram 1	1	1137.337945415	1137.337945415	13176.471	13176.471	13218.750	13218.750	-60.31	0.0000	0.000	13218.750	1137.3387	FI				
198	Spectrogram 1	1	1137.675337297	1137.675337297	17529.412	17529.412	17531.250	17531.250	-64.65	0.0000	0.000	17531.250	1137.6747	FF				
199	Spectrogram 1	1	1237.349911158	1237.627322262	6470.588	13647.059	9656.250	9656.250	-70.75	0.2774	7176.471	9656.250	1237.5200		SA	A	0	SS
200	Spectrogram 1	1	1237.368655152	1237.368655152	7176.471	7176.471	7218.750	7218.750	-65.48	0.0000	0.000	7218.750	1237.3707	FI				
201	Spectrogram 1	1	1237.616075866	1237.616075866	12823.529	12823.529	12843.750	12843.750	-74.46	0.0000	0.000	12843.750	1237.6160	FF				
202	Spectrogram 1	1	1281.069733407	1281.433366881	13882.353	18470.588	15187.500	15281.250	-75.88	0.3636	4588.235	15187.500	1281.2907		SA	A	0	SB
203	Spectrogram 1	1	1281.095974998	1281.095974998	14470.588	14470.588	14437.500	14437.500	-84.20	0.0000	0.000	14437.500	1281.0933	FI				
204	Spectrogram 1	1	1281.422120485	1281.422120485	18000.000	18000.000	18000.000	18000.000	-76.54	0.0000	0.000	18000.000	1281.4240	FF				
205	Spectrogram 1	1	1281.855259638	1282.230139507	13176.471	17529.412	15281.250	15000.000	-79.32	0.3749	4352.941	15281.250	1282.0747		SA	A	0	SB
206	Spectrogram 1	1	1281.870254833	1281.870254833	13529.412	13529.412	13500.000	13500.000	-80.35	0.0000	0.000	13500.000	1281.8720	FI				
207	Spectrogram 1	1	1282.188902722	1282.188902722	17058.824	17058.824	17062.500	17062.500	-85.08	0.0000	0.000	17062.500	1282.1867	FF				
208	Spectrogram 1	1	1308.373566259	1308.680967752	13882.353	18470.588	14718.750	14906.250	-79.84	0.3074	4588.235	14718.750	1308.4747		SA	A	0	SB
209	Spectrogram 1	1	1308.388561454	1308.388561454	14705.882	14705.882	14718.750	14718.750	-81.36	0.0000	0.000	14718.750	1308.3893	FI				
210	Spectrogram 1	1	1308.665972557	1308.665972557	17764.706	17764.706	17718.750	17718.750	-71.74	0.0000	0.000	17718.750	1308.6667	FF				
211	Spectrogram 1	1	1309.846844146	1310.165492035	14000.000	19058.824	14812.500	15375.000	-81.26	0.3186	5058.824	14812.500	1309.9840		SA	A	0	SB
212	Spectrogram 1	1	1309.869336938	1309.869336938	14352.941	14352.941	14343.750	14343.750	-75.54	0.0000	0.000	14343.750	1309.8720	FI				
213	Spectrogram 1	1	1310.146748041	1310.146748041	18117.647	18117.647	18093.750	18093.750	-86.36	0.0000	0.000	18093.750	1310.1493	FF				
214	Spectrogram 1	1	1310.480391125	1310.791541416	13764.706	18823.529	14437.500	15000.000	-81.61	0.3112	5058.823	14437.500	1310.5760		SA	A	0	SB
215	Spectrogram 1	1	1310.502883917	1310.502883917	14352.941	14352.941	14343.750	14343.750	-76.96	0.0000	0.000	14343.750	1310.5013	FI				
216	Spectrogram 1	1	1310.784043819	1310.784043819	18235.294	18235.294	18281.250	18281.250	-74.60	0.0000	0.000	18281.250	1310.7840	FF				
217	Spectrogram 1	1	1312.305536757	1312.680416626	11582.090	16597.015	11718.750	13593.750	-80.21	0.3749	5014.925	11718.750	1312.4960		NA	A	0	SB
218	Spectrogram 1	1	1312.328029549	1312.328029549	11820.896	11820.896	11812.500	11812.500	-88.34	0.0000	0.000	11812.500	1312.3307	FI				
219	Spectrogram 1	1	1312.672919029	1312.672919029	16238.806	16238.806	16218.750	16218.750	-82.30	0.0000	0.000	16218.750	1312.6720	FF				
220	Spectrogram 1	1	1313.778814644	1313.960631380	7700.535	17313.433	11906.250	11812.500	-77.52	0.1818	9612.898	11906.250	1313.8987		SA	A	0	SB
221	Spectrogram 1	1	1313.805056235	1313.805056235	8119.403	8119.403	8156.250	8156.250	-71.52	0.0000	0.000	8156.250	1313.8027	FI				
222	Spectrogram 1	1	1313.958756981	1313.958756981	16597.015	16597.015	16593.750	16593.750	-71.88	0.0000	0.000	16593.750	1313.9573	FF				
223	Spectrogram 1	1	1334.270419369	1334.727772809	8477.612	19343.284	18656.250	11906.250	-79.91	0.4574	10865.672	18656.250	1334.6400		SA	A	0	SB
224	Spectrogram 1	1	1334.292912161	1334.292912161	9194.030	9194.030	9187.500	9187.500	-94.98	0.0000	0.000	9187.500	1334.2933	FI				
225	Spectrogram 1	1	1334.712777614	1334.712777614	19104.478	19104.478	19125.000	19125.000	-82.14	0.0000	0.000	19125.000	1334.7147	FF				
226	Spectrogram 1	1	1335.031425503	1335.335078198	9791.045	18985.075	11156.250	12750.000	-76.93	0.3037	9194.030	11156.250	1335.0613		SA	A	0	SB
227	Spectrogram 1	1	1335.050169497	1335.050169497	10507.463	10507.463	10500.000	10500.000	-67.62	0.0000	0.000	10500.000	1335.0507	FI				
228	Spectrogram 1	1	1335.316334204	1335.316334204	18507.463	18507.463	18468.750	18468.750	-80.78	0.0000	0.000	18468.750	1335.3173	FF				
229	Spectrogram 1	1	1556.009671152	1556.354560632	12417.910	22328.358	17062.500	16968.750	-81.40	0.3449	9910.448	17062.500	1556.2027		SA	A	0	SB
230	Spectrogram 1	1	1556.024666347	1556.024666347	13253.731	13253.731	13218.750	13218.750	-82.65	0.0000	0.000	13218.750	1556.0267	FI				
231	Spectrogram 1	1	1556.343314236	1556.343314236	21134.328	21134.328	21093.750	21093.750	-77.48	0.0000	0.000	21093.750	1556.3413	FF				
232	Spectrogram 1	1	1558.747485396	1559.039891694	12895.522	20776.119	16500.000	16406.250	-82.46	0.2924	7880.597	16500.000	1558.9173		SA	A	0	SS
233	Spectrogram 1	1	1558.773726987	1558.773726987	13373.134	13373.134	13406.250	13406.250	-72.99	0.0000	0.000	13406.250	1558.7733	FI				
234	Spectrogram 1	1	1559.032394097	1559.032394097	20059.701	20059.701	20062.500	20062.500	-93.83	0.0000	0.000	20062.500	1559.0347	FF				
235	Spectrogram 1	1	1566.003273932	1566.288182633	12179.104	21850.746	15375.000	15468.750	-81.93	0.2849	9671.642	15375.000	1566.1013		SA	A	0	SB
236	Spectrogram 1	1	1566.018269127	1566.018269127	13014.925	13014.925	13031.250	13031.250	-81.25	0.0000	0.000	13031.250	1566.0160	FI				
237	Spectrogram 1	1	1566.280685036	1566.280685036	21253.731	21253.731	21281.250	21281.250	-96.98	0.0000	0.000	21281.250	1566.2827	FF				
238	Spectrogram 1	1	1773.978574153	1774.630865126	6208.955	17791.045	10218.750	10125.000	-72.55	0.6523	11582.090	10218.750	1774.1600		SA	AC	1	SS
239	Spectrogram 1	1	1773.993569348	1773.993569348	6567.164	6567.164	6562.500	6562.500	-79.16	0.0000	0.000	6562.500	1773.9947	FI				
240	Spectrogram 1	1	1774.604623535	1774.604623535	17194.030	17194.030	17156.250	17156.250	-68.01	0.0000	0.000	17156.250	1774.6027	FF				
