Selection	View	Channel	Begin Time (s)	End Time (s)	Low Freq (Hz)	High Freq (Hz)	Max Freq (Hz)	Center Freq (Hz)	Avg Power Density (dB FS)	Delta Time (s)	Delta Freq (Hz)	Peak Freq (Hz)	Peak Time (s)	observacoes	PF_check	modulacao	Pi	sobreposicao
1	Spectrogram 1	1	6.488221116	6.782460025	12449.198	26181.818	16687.500	16687.500	-85.12	0.2942	13732.620	16687.500	6.5600		SA	M	2	SB
2	Spectrogram 1	1	6.501475121	6.501475121	12834.225	12834.225	12750.000	12750.000	-85.25	0.0000	0.000	12750.000	6.5013	FI				
3	Spectrogram 1	1	6.769206020	6.769206020	25283.422	25283.422	25312.500	25312.500	-101.29	0.0000	0.000	25312.500	6.7680	FF				
4	Spectrogram 1	1	45.415350989	45.598256256	9754.011	17326.203	9937.500	12187.500	-80.91	0.1829	7572.192	9937.500	45.4267		NA	A	0	SB
5	Spectrogram 1	1	45.428604994	45.428604994	10267.380	10267.380	10312.500	10312.500	-73.01	0.0000	0.000	10312.500	45.4293	FI				
6	Spectrogram 1	1	45.582351450	45.582351450	16684.492	16684.492	16687.500	16687.500	-84.41	0.0000	0.000	16687.500	45.5813	FF				
7	Spectrogram 1	1	69.024313783	69.241679463	3721.925	21433.155	9937.500	10125.000	-76.13	0.2174	17711.230	9937.500	69.1227		SA	A	0	SB
8	Spectrogram 1	1	69.042869389	69.042869389	4363.636	4363.636	4312.500	4312.500	-78.15	0.0000	0.000	4312.500	69.0427	FI				
9	Spectrogram 1	1	69.233727060	69.233727060	20919.786	20919.786	21000.000	21000.000	-86.29	0.0000	0.000	21000.000	69.2347	FF				
10	Spectrogram 1	1	74.385943121	74.833928486	13475.936	27465.241	17625.000	18375.000	-86.93	0.4480	13989.305	17625.000	74.4773		SA	A	0	SB
11	Spectrogram 1	1	74.404498728	74.404498728	14374.332	14374.332	14437.500	14437.500	-79.99	0.0000	0.000	14437.500	74.4053	FI				
12	Spectrogram 1	1	74.820674481	74.820674481	25925.134	25925.134	25875.000	25875.000	-87.44	0.0000	0.000	25875.000	74.8213	FF				
13	Spectrogram 1	1	75.512533537	75.899550479	12192.513	22973.262	14625.000	17625.000	-83.46	0.3870	10780.749	14625.000	75.5440		SA	A	0	SB
14	Spectrogram 1	1	75.523136741	75.523136741	12962.567	12962.567	12937.500	12937.500	-75.97	0.0000	0.000	12937.500	75.5227	FI				
15	Spectrogram 1	1	75.883645673	75.883645673	22331.551	22331.551	22312.500	22312.500	-81.27	0.0000	0.000	22312.500	75.8827	FF				
16	Spectrogram 1	1	78.756560194	79.252259976	8342.246	23229.947	12750.000	11437.500	-83.50	0.4957	14887.701	12750.000	78.9173		SA	AC	1	SB
17	Spectrogram 1	1	78.780417402	78.780417402	8727.273	8727.273	8812.500	8812.500	-83.88	0.0000	0.000	8812.500	78.7813	FI				
18	Spectrogram 1	1	79.236355170	79.236355170	22588.235	22588.235	22500.000	22500.000	-88.66	0.0000	0.000	22500.000	79.2373	FF				
19	Spectrogram 1	1	79.650916411	80.133362189	8470.588	22588.235	9937.500	11062.500	-82.44	0.4824	14117.647	9937.500	79.8027		SA	AC	1	SB
20	Spectrogram 1	1	79.674773620	79.674773620	8598.930	8598.930	8625.000	8625.000	-81.90	0.0000	0.000	8625.000	79.6747	FI				
21	Spectrogram 1	1	80.112155781	80.112155781	22203.209	22203.209	22125.000	22125.000	-80.68	0.0000	0.000	22125.000	80.1120	FF				
22	Spectrogram 1	1	80.048536558	80.432902699	10395.722	22203.209	16875.000	14812.500	-82.71	0.3844	11807.487	16875.000	80.1627		SA	A	0	SB
23	Spectrogram 1	1	80.061790563	80.061790563	10909.091	10909.091	10875.000	10875.000	-69.81	0.0000	0.000	10875.000	80.0613	FI				
24	Spectrogram 1	1	80.411696292	80.411696292	21433.155	21433.155	21375.000	21375.000	-85.34	0.0000	0.000	21375.000	80.4107	FF				
25	Spectrogram 1	1	82.806626721	83.249310485	10652.406	20791.444	12562.500	14062.500	-83.60	0.4427	10139.038	12562.500	82.8320		SA	A	0	SB
26	Spectrogram 1	1	82.814579124	82.814579124	11550.802	11550.802	11625.000	11625.000	-80.89	0.0000	0.000	11625.000	82.8133	FI				
27	Spectrogram 1	1	83.241358082	83.241358082	20406.417	20406.417	20437.500	20437.500	-90.82	0.0000	0.000	20437.500	83.2427	FF				
28	Spectrogram 1	1	98.260408694	98.729600467	7443.850	22973.262	11250.000	11812.500	-81.40	0.4692	15529.412	11250.000	98.2987		SA	A	0	SB
29	Spectrogram 1	1	98.273662699	98.273662699	8855.615	8855.615	8812.500	8812.500	-71.61	0.0000	0.000	8812.500	98.2747	FI				
30	Spectrogram 1	1	98.724298865	98.724298865	22459.893	22459.893	22500.000	22500.000	-96.18	0.0000	0.000	22500.000	98.7253	FF				
31	Spectrogram 1	1	139.069824034	139.417078962	10395.722	23486.631	12937.500	16312.500	-80.76	0.3473	13090.909	12937.500	139.0747		SA	A	0	SB
32	Spectrogram 1	1	139.088379640	139.088379640	11037.433	11037.433	11062.500	11062.500	-66.01	0.0000	0.000	11062.500	139.0880	FI				
33	Spectrogram 1	1	139.406475758	139.406475758	22074.866	22074.866	22125.000	22125.000	-84.03	0.0000	0.000	22125.000	139.4053	FF				
34	Spectrogram 1	1	146.937305658	147.266004980	8085.561	21433.155	13687.500	13687.500	-79.39	0.3287	13347.594	13687.500	147.0027		SA	A	0	SB
35	Spectrogram 1	1	146.950559663	146.950559663	9497.326	9497.326	9562.500	9562.500	-66.83	0.0000	0.000	9562.500	146.9493	FI				
36	Spectrogram 1	1	147.260703378	147.260703378	20663.102	20663.102	20625.000	20625.000	-88.40	0.0000	0.000	20625.000	147.2613	FF				
37	Spectrogram 1	1	190.327451125	190.748928480	7957.219	17582.888	10875.000	11812.500	-77.44	0.4215	9625.669	10875.000	190.3973		SA	A	0	SB
38	Spectrogram 1	1	190.343355931	190.343355931	9368.984	9368.984	9375.000	9375.000	-76.71	0.0000	0.000	9375.000	190.3440	FI				
39	Spectrogram 1	1	190.733023675	190.733023675	16684.492	16684.492	16687.500	16687.500	-84.87	0.0000	0.000	16687.500	190.7333	FF				
40	Spectrogram 1	1	197.451055857	197.933501635	3465.241	20278.075	6187.500	7125.000	-75.84	0.4824	16812.834	6187.500	197.4907		SA	A	0	SB
41	Spectrogram 1	1	197.466960663	197.466960663	4235.294	4235.294	4312.500	4312.500	-73.74	0.0000	0.000	4312.500	197.4667	FI				
42	Spectrogram 1	1	197.909644426	197.909644426	19379.679	19379.679	19312.500	19312.500	-77.14	0.0000	0.000	19312.500	197.9093	FF				
43	Spectrogram 1	1	201.881836820	202.308615777	6417.112	20534.759	11437.500	12000.000	-76.93	0.4268	14117.647	11437.500	201.9707		SA	A	0	SB
44	Spectrogram 1	1	201.892440024	201.892440024	7315.508	7315.508	7312.500	7312.500	-84.53	0.0000	0.000	7312.500	201.8933	FI				
45	Spectrogram 1	1	202.292710971	202.292710971	20021.390	20021.390	20062.500	20062.500	-73.18	0.0000	0.000	20062.500	202.2933	FF				
46	Spectrogram 1	1	205.920072930	206.344201087	8213.904	20021.390	11250.000	11812.500	-77.93	0.4241	11807.486	11250.000	205.9947		SA	A	0	SB
47	Spectrogram 1	1	205.938628537	205.938628537	9497.326	9497.326	9562.500	9562.500	-85.95	0.0000	0.000	9562.500	205.9387	FI				
48	Spectrogram 1	1	206.333597883	206.333597883	18866.310	18866.310	18937.500	18937.500	-90.32	0.0000	0.000	18937.500	206.3333	FF				
49	Spectrogram 1	1	214.936191292	215.182715783	8855.615	14117.647	10125.000	11250.000	-78.15	0.2465	5262.032	10125.000	214.9547		SA	A	0	SB
50	Spectrogram 1	1	214.944143695	214.944143695	9882.353	9882.353	9937.500	9937.500	-67.62	0.0000	0.000	9937.500	214.9440	FI				
51	Spectrogram 1	1	215.169461779	215.169461779	13347.594	13347.594	13312.500	13312.500	-82.11	0.0000	0.000	13312.500	215.1707	FF				
52	Spectrogram 1	1	225.270783132	225.700212891	4877.005	19251.337	6187.500	11062.500	-76.31	0.4294	14374.332	6187.500	225.3787		SA	A	0	SB
53	Spectrogram 1	1	225.284037137	225.284037137	6417.112	6417.112	6375.000	6375.000	-67.24	0.0000	0.000	6375.000	225.2853	FI				
54	Spectrogram 1	1	225.693585888	225.693585888	18352.941	18352.941	18375.000	18375.000	-91.03	0.0000	0.000	18375.000	225.6933	FF				
55	Spectrogram 1	1	253.816216268	254.166121997	12834.225	22716.578	22687.500	17250.000	-82.38	0.3499	9882.353	22687.500	253.8667		NA	A	0	SB
56	Spectrogram 1	1	253.837422676	253.837422676	13475.936	13475.936	13500.000	13500.000	-70.82	0.0000	0.000	13500.000	253.8373	FI				
57	Spectrogram 1	1	254.142264789	254.142264789	21818.182	21818.182	21750.000	21750.000	-85.40	0.0000	0.000	21750.000	254.1413	FF				
58	Spectrogram 1	1	277.030204268	277.464935628	7058.824	21048.128	11062.500	12187.500	-78.93	0.4347	13989.304	11062.500	277.0773		SA	A	0	SB
59	Spectrogram 1	1	277.040807472	277.040807472	8598.930	8598.930	8625.000	8625.000	-87.44	0.0000	0.000	8625.000	277.0400	FI				
60	Spectrogram 1	1	277.454332424	277.454332424	20663.102	20663.102	20625.000	20625.000	-80.82	0.0000	0.000	20625.000	277.4533	FF				
61	Spectrogram 1	1	289.798880394	290.225659351	8598.930	20791.444	12562.500	12375.000	-79.88	0.4268	12192.514	12562.500	290.0213		SA	A	0	SB
62	Spectrogram 1	1	289.814785200	289.814785200	9497.326	9497.326	9562.500	9562.500	-73.86	0.0000	0.000	9562.500	289.8160	FI				
63	Spectrogram 1	1	290.212405346	290.212405346	19636.364	19636.364	19687.500	19687.500	-93.04	0.0000	0.000	19687.500	290.2133	FF				
64	Spectrogram 1	1	302.895636786	303.256145719	5518.717	20406.417	15375.000	12750.000	-71.72	0.3605	14887.700	15375.000	303.1600		SA	A	0	SB
65	Spectrogram 1	1	302.911541592	302.911541592	6802.139	6802.139	6750.000	6750.000	-56.70	0.0000	0.000	6750.000	302.9120	FI				
66	Spectrogram 1	1	303.248193316	303.248193316	19508.021	19508.021	19500.000	19500.000	-73.56	0.0000	0.000	19500.000	303.2480	FF				
67	Spectrogram 1	1	385.777738641	386.236327211	8213.904	18994.652	11062.500	11812.500	-78.62	0.4586	10780.748	11062.500	385.8560		SA	A	0	SB
68	Spectrogram 1	1	385.798945049	385.798945049	9112.299	9112.299	9187.500	9187.500	-71.23	0.0000	0.000	9187.500	385.8000	FI				
69	Spectrogram 1	1	386.223073206	386.223073206	17839.572	17839.572	17812.500	17812.500	-74.56	0.0000	0.000	17812.500	386.2240	FF				
70	Spectrogram 1	1	400.421365524	400.858747686	4235.294	19893.048	11250.000	10687.500	-77.87	0.4374	15657.754	11250.000	400.5147		SA	A	0	SB
71	Spectrogram 1	1	400.434619529	400.434619529	5390.374	5390.374	5437.500	5437.500	-80.84	0.0000	0.000	5437.500	400.4347	FI				
72	Spectrogram 1	1	400.848144482	400.848144482	19508.021	19508.021	19500.000	19500.000	-80.49	0.0000	0.000	19500.000	400.8480	FF				
73	Spectrogram 1	1	409.418118299	409.852849659	7700.535	19379.679	8437.500	11062.500	-82.36	0.4347	11679.144	8437.500	409.4240		SA	A	0	SB
74	Spectrogram 1	1	409.426070702	409.426070702	8727.273	8727.273	8812.500	8812.500	-67.95	0.0000	0.000	8812.500	409.4267	FI				
75	Spectrogram 1	1	409.839595655	409.839595655	18737.968	18737.968	18750.000	18750.000	-91.06	0.0000	0.000	18750.000	409.8400	FF				
76	Spectrogram 1	1	411.395228529	411.782245472	12449.198	24770.053	15000.000	16125.000	-85.06	0.3870	12320.855	15000.000	411.4480		SA	A	0	SB
77	Spectrogram 1	1	411.416434937	411.416434937	13732.620	13732.620	13687.500	13687.500	-83.73	0.0000	0.000	13687.500	411.4160	FI				
78	Spectrogram 1	1	411.761039064	411.761039064	23871.658	23871.658	23812.500	23812.500	-85.17	0.0000	0.000	23812.500	411.7600	FF				
79	Spectrogram 1	1	413.982862898	414.579293118	7957.219	24256.684	15937.500	15937.500	-78.15	0.5964	16299.465	15937.500	414.2587		SA	A	0	SB
80	Spectrogram 1	1	414.001418505	414.001418505	8855.615	8855.615	8812.500	8812.500	-78.42	0.0000	0.000	8812.500	414.0027	FI				
81	Spectrogram 1	1	414.568689914	414.568689914	22716.578	22716.578	22687.500	22687.500	-80.27	0.0000	0.000	22687.500	414.5680	FF				
82	Spectrogram 1	1	423.450421959	423.898407324	9882.353	21048.128	11250.000	15937.500	-79.55	0.4480	11165.775	11250.000	423.4933		SA	A	0	SB
83	Spectrogram 1	1	423.474279168	423.474279168	10524.064	10524.064	10500.000	10500.000	-62.62	0.0000	0.000	10500.000	423.4747	FI				
84	Spectrogram 1	1	423.895756523	423.895756523	20663.102	20663.102	20625.000	20625.000	-75.69	0.0000	0.000	20625.000	423.8960	FF				
85	Spectrogram 1	1	423.916962931	424.303979874	9368.984	17197.861	10500.000	11812.500	-80.52	0.3870	7828.877	10500.000	424.0000		SA	A	0	SB
86	Spectrogram 1	1	423.954074145	423.954074145	10395.722	10395.722	10312.500	10312.500	-78.11	0.0000	0.000	10312.500	423.9547	FI				
87	Spectrogram 1	1	424.285424267	424.285424267	16427.807	16427.807	16500.000	16500.000	-72.57	0.0000	0.000	16500.000	424.2853	FF				
88	Spectrogram 1	1	425.599024272	425.999295219	10395.722	24256.684	15375.000	15562.500	-81.01	0.4003	13860.962	15375.000	425.6853		SA	A	0	SB
89	Spectrogram 1	1	425.617579879	425.617579879	11165.775	11165.775	11250.000	11250.000	-66.21	0.0000	0.000	11250.000	425.6187	FI				
90	Spectrogram 1	1	425.972787210	425.972787210	23614.973	23614.973	23625.000	23625.000	-74.36	0.0000	0.000	23625.000	425.9733	FF				
91	Spectrogram 1	1	426.974397231	427.425033398	4363.636	19636.364	9937.500	9375.000	-78.45	0.4506	15272.728	9937.500	427.0400		SA	A	0	SB
92	Spectrogram 1	1	426.987651236	426.987651236	5518.717	5518.717	5437.500	5437.500	-68.77	0.0000	0.000	5437.500	426.9867	FI				
93	Spectrogram 1	1	427.398525388	427.398525388	18352.941	18352.941	18375.000	18375.000	-81.14	0.0000	0.000	18375.000	427.3973	FF				
94	Spectrogram 1	1	439.735740009	440.191677777	4491.979	21818.182	10875.000	9187.500	-78.88	0.4559	17326.203	10875.000	439.8187		SA	A	0	SB
95	Spectrogram 1	1	439.751644815	439.751644815	6288.770	6288.770	6375.000	6375.000	-67.58	0.0000	0.000	6375.000	439.7520	FI				
96	Spectrogram 1	1	440.183725374	440.183725374	20278.075	20278.075	20250.000	20250.000	-80.75	0.0000	0.000	20250.000	440.1840	FF				
97	Spectrogram 1	1	446.415240115	446.847320674	8085.561	19764.706	11437.500	11250.000	-79.54	0.4321	11679.145	11437.500	446.5147		SA	A	0	SB
98	Spectrogram 1	1	446.436446523	446.436446523	9112.299	9112.299	9187.500	9187.500	-64.45	0.0000	0.000	9187.500	446.4373	FI				
99	Spectrogram 1	1	446.834066669	446.834066669	18737.968	18737.968	18750.000	18750.000	-81.65	0.0000	0.000	18750.000	446.8347	FF				
100	Spectrogram 1	1	452.802729432	453.229508389	8342.246	23743.316	11625.000	17250.000	-74.10	0.4268	15401.070	11625.000	452.8400		SA	A	0	SB
101	Spectrogram 1	1	452.818634238	452.818634238	9625.668	9625.668	9562.500	9562.500	-74.08	0.0000	0.000	9562.500	452.8187	FI				
102	Spectrogram 1	1	453.221555986	453.221555986	22331.551	22331.551	22312.500	22312.500	-81.60	0.0000	0.000	22312.500	453.2213	FF				
103	Spectrogram 1	1	459.589066109	459.909813027	7572.193	21304.813	11437.500	11625.000	-76.31	0.3207	13732.620	11437.500	459.6827		SA	A	0	SB
104	Spectrogram 1	1	459.604970915	459.604970915	8213.904	8213.904	8250.000	8250.000	-73.44	0.0000	0.000	8250.000	459.6053	FI				
105	Spectrogram 1	1	459.901860624	459.901860624	20406.417	20406.417	20437.500	20437.500	-91.02	0.0000	0.000	20437.500	459.9013	FF				
106	Spectrogram 1	1	467.593388479	468.049326247	7828.877	19764.706	12375.000	11812.500	-79.01	0.4559	11935.829	12375.000	467.7867		SA	A	0	SB
107	Spectrogram 1	1	467.611944085	467.611944085	8727.273	8727.273	8812.500	8812.500	-68.19	0.0000	0.000	8812.500	467.6107	FI				
108	Spectrogram 1	1	468.030770640	468.030770640	18994.652	18994.652	18937.500	18937.500	-79.39	0.0000	0.000	18937.500	468.0320	FF				
109	Spectrogram 1	1	479.703016067	480.066175801	8342.246	19893.048	11250.000	11625.000	-75.47	0.3632	11550.802	11250.000	479.7760		SA	A	0	SB
110	Spectrogram 1	1	479.716270072	479.716270072	9754.011	9754.011	9750.000	9750.000	-66.29	0.0000	0.000	9750.000	479.7173	FI				
111	Spectrogram 1	1	480.060874199	480.060874199	18481.283	18481.283	18562.500	18562.500	-78.19	0.0000	0.000	18562.500	480.0613	FF				
112	Spectrogram 1	1	487.451819806	487.889201968	8727.273	19636.364	11437.500	11812.500	-77.33	0.4374	10909.091	11437.500	487.5707		SA	A	0	SB
113	Spectrogram 1	1	487.473026214	487.473026214	9240.642	9240.642	9187.500	9187.500	-72.59	0.0000	0.000	9187.500	487.4720	FI				
114	Spectrogram 1	1	487.881249565	487.881249565	18994.652	18994.652	18937.500	18937.500	-73.54	0.0000	0.000	18937.500	487.8800	FF				
115	Spectrogram 1	1	491.850982083	492.309570652	7572.193	19764.706	11437.500	12187.500	-77.38	0.4586	12192.513	11437.500	491.9600		SA	A	0	SB
116	Spectrogram 1	1	491.866886889	491.866886889	8855.615	8855.615	8812.500	8812.500	-67.00	0.0000	0.000	8812.500	491.8667	FI				
117	Spectrogram 1	1	492.293665846	492.293665846	19251.337	19251.337	19312.500	19312.500	-84.66	0.0000	0.000	19312.500	492.2933	FF				
118	Spectrogram 1	1	525.181185447	525.478075157	16684.492	25796.791	23062.500	22875.000	-78.57	0.2969	9112.299	23062.500	525.3813		SA	A	0	AB
119	Spectrogram 1	1	525.191788651	525.191788651	17582.888	17582.888	17625.000	17625.000	-65.65	0.0000	0.000	17625.000	525.1920	FI				
120	Spectrogram 1	1	525.475424356	525.475424356	25026.738	25026.738	24937.500	24937.500	-95.14	0.0000	0.000	24937.500	525.4747	FF				
121	Spectrogram 1	1	554.174211201	554.651355377	6673.797	19636.364	8625.000	11062.500	-76.76	0.4771	12962.567	8625.000	554.1947		SA	A	0	SB
122	Spectrogram 1	1	554.190116007	554.190116007	8085.561	8085.561	8062.500	8062.500	-61.25	0.0000	0.000	8062.500	554.1893	FI				
123	Spectrogram 1	1	554.643402974	554.643402974	18609.626	18609.626	18562.500	18562.500	-86.63	0.0000	0.000	18562.500	554.6427	FF				
124	Spectrogram 1	1	562.985598833	563.372615776	8727.273	21946.524	10312.500	12187.500	-80.75	0.3870	13219.251	10312.500	563.0267		SA	A	0	SB
125	Spectrogram 1	1	563.012106843	563.012106843	10010.695	10010.695	9937.500	9937.500	-68.12	0.0000	0.000	9937.500	563.0133	FI				
126	Spectrogram 1	1	563.369964975	563.369964975	20791.444	20791.444	20812.500	20812.500	-82.90	0.0000	0.000	20812.500	563.3707	FF				
127	Spectrogram 1	1	572.547782197	572.963957950	9368.984	20791.444	14250.000	13312.500	-80.34	0.4162	11422.460	14250.000	572.8560		SA	A	0	SB
128	Spectrogram 1	1	572.574290207	572.574290207	10010.695	10010.695	9937.500	9937.500	-75.22	0.0000	0.000	9937.500	572.5733	FI				
129	Spectrogram 1	1	572.956005547	572.956005547	19122.995	19122.995	19125.000	19125.000	-91.80	0.0000	0.000	19125.000	572.9573	FF				
130	Spectrogram 1	1	578.551513531	578.951784478	8085.561	18994.652	11437.500	11625.000	-79.16	0.4003	10909.091	11437.500	578.6160		SA	A	0	SB
131	Spectrogram 1	1	578.559465934	578.559465934	9368.984	9368.984	9375.000	9375.000	-72.95	0.0000	0.000	9375.000	578.5600	FI				
132	Spectrogram 1	1	578.941181274	578.941181274	18224.599	18224.599	18187.500	18187.500	-95.26	0.0000	0.000	18187.500	578.9413	F				
133	Spectrogram 1	1	581.056561284	581.422371819	7828.877	20021.390	10312.500	11625.000	-79.03	0.3658	12192.513	10312.500	581.1013		SA	A	0	SB
134	Spectrogram 1	1	581.080418493	581.080418493	8598.930	8598.930	8625.000	8625.000	-71.14	0.0000	0.000	8625.000	581.0800	FI				
135	Spectrogram 1	1	581.414419416	581.414419416	19251.337	19251.337	19312.500	19312.500	-78.75	0.0000	0.000	19312.500	581.4133	FF				
136	Spectrogram 1	1	585.809507304	586.215079854	7957.219	19764.706	10687.500	11437.500	-80.71	0.4056	11807.487	10687.500	585.8773		SA	A	0	SB
137	Spectrogram 1	1	585.822761309	585.822761309	8855.615	8855.615	8812.500	8812.500	-76.33	0.0000	0.000	8812.500	585.8240	FI				
138	Spectrogram 1	1	586.207127451	586.207127451	18737.968	18737.968	18750.000	18750.000	-84.37	0.0000	0.000	18750.000	586.2080	FF				
139	Spectrogram 1	1	592.570563185	593.002643745	8727.273	20663.102	12750.000	12375.000	-76.26	0.4321	11935.829	12750.000	592.8027		SA	A	0	SB
140	Spectrogram 1	1	592.589118792	592.589118792	9625.668	9625.668	9562.500	9562.500	-67.76	0.0000	0.000	9562.500	592.5893	FI				
141	Spectrogram 1	1	592.992040541	592.992040541	19251.337	19251.337	19312.500	19312.500	-79.64	0.0000	0.000	19312.500	592.9920	FF				
142	Spectrogram 1	1	600.486378283	600.801823599	7700.535	16684.492	12000.000	11812.500	-75.64	0.3154	8983.957	12000.000	600.6053		SA	A	0	SB
143	Spectrogram 1	1	600.491679885	600.491679885	9112.299	9112.299	9187.500	9187.500	-75.69	0.0000	0.000	9187.500	600.4907	FI				
144	Spectrogram 1	1	600.793871196	600.793871196	15529.412	15529.412	15562.500	15562.500	-82.78	0.0000	0.000	15562.500	600.7947	FF				
145	Spectrogram 1	1	605.115541189	605.505208933	8598.930	20021.390	11437.500	11812.500	-78.35	0.3897	11422.460	11437.500	605.2080		SA	A	0	SB
146	Spectrogram 1	1	605.131445995	605.131445995	9625.668	9625.668	9562.500	9562.500	-79.64	0.0000	0.000	9562.500	605.1307	FI				
147	Spectrogram 1	1	605.497256530	605.497256530	19122.995	19122.995	19125.000	19125.000	-87.49	0.0000	0.000	19125.000	605.4960	FF				
148	Spectrogram 1	1	612.416163190	612.837640545	8213.904	19764.706	11250.000	11812.500	-78.47	0.4215	11550.802	11250.000	612.5200		SA	A	0	SB
149	Spectrogram 1	1	612.429417194	612.429417194	8855.615	8855.615	8812.500	8812.500	-80.93	0.0000	0.000	8812.500	612.4293	FI				
150	Spectrogram 1	1	612.837640545	612.837640545	18994.652	18994.652	18937.500	18937.500	-90.59	0.0000	0.000	18937.500	612.8373	FF				
151	Spectrogram 1	1	616.643219776	617.101808345	7700.535	21048.128	12187.500	12187.500	-78.61	0.4586	13347.593	12187.500	616.8320		SA	A	0	SB
152	Spectrogram 1	1	616.659124582	616.659124582	8727.273	8727.273	8812.500	8812.500	-90.37	0.0000	0.000	8812.500	616.6587	FI				
153	Spectrogram 1	1	617.099157544	617.099157544	19251.337	19251.337	19312.500	19312.500	-115.53	0.0000	0.000	19312.500	617.0987	FF				
154	Spectrogram 1	1	624.620003296	625.036179050	8983.957	21176.471	15562.500	12562.500	-79.15	0.4162	12192.514	15562.500	624.9200		SA	A	0	SB
155	Spectrogram 1	1	624.649162107	624.649162107	9625.668	9625.668	9562.500	9562.500	-80.58	0.0000	0.000	9562.500	624.6480	FI				
156	Spectrogram 1	1	625.020274244	625.020274244	20149.733	20149.733	20062.500	20062.500	-75.16	0.0000	0.000	20062.500	625.0213	FF				
157	Spectrogram 1	1	626.940092244	627.353617196	8598.930	22203.209	12375.000	12000.000	-78.95	0.4135	13604.279	12375.000	627.1280		SA	A	0	SB
158	Spectrogram 1	1	626.958647851	626.958647851	9625.668	9625.668	9562.500	9562.500	-77.77	0.0000	0.000	9562.500	626.9573	FI				
159	Spectrogram 1	1	627.343013992	627.343013992	21818.182	21818.182	21750.000	21750.000	-78.87	0.0000	0.000	21750.000	627.3440	FF				
160	Spectrogram 1	1	632.532537641	632.946062594	8470.588	22588.235	13875.000	12187.500	-77.92	0.4135	14117.647	13875.000	632.8427		SA	A	0	SB
161	Spectrogram 1	1	632.543140845	632.543140845	9112.299	9112.299	9187.500	9187.500	-80.36	0.0000	0.000	9187.500	632.5440	FI				
162	Spectrogram 1	1	632.938110191	632.938110191	21176.471	21176.471	21187.500	21187.500	-78.35	0.0000	0.000	21187.500	632.9387	FF				
163	Spectrogram 1	1	640.160631749	640.584759906	7315.508	20406.417	12562.500	12187.500	-76.41	0.4241	13090.909	12562.500	640.4347		SA	A	0	SB
164	Spectrogram 1	1	640.173885754	640.173885754	8085.561	8085.561	8062.500	8062.500	-79.91	0.0000	0.000	8062.500	640.1733	FI				
165	Spectrogram 1	1	640.584759906	640.584759906	19379.679	19379.679	19312.500	19312.500	-77.08	0.0000	0.000	19312.500	640.5840	FF				
166	Spectrogram 1	1	687.357788207	687.665281120	13219.251	17069.519	14250.000	14250.000	-81.61	0.3075	3850.268	14250.000	687.5120		SA	A	0	SB
167	Spectrogram 1	1	687.373693013	687.373693013	13860.963	13860.963	13875.000	13875.000	-69.97	0.0000	0.000	13875.000	687.3733	FI				
168	Spectrogram 1	1	687.652027115	687.652027115	16171.123	16171.123	16125.000	16125.000	-83.57	0.0000	0.000	16125.000	687.6533	FF				
169	Spectrogram 1	1	693.051574924	693.433290265	7957.219	21689.840	10500.000	11812.500	-76.49	0.3817	13732.621	10500.000	693.0827		SA	A	0	SB
170	Spectrogram 1	1	693.056876526	693.056876526	8983.957	8983.957	9000.000	9000.000	-68.31	0.0000	0.000	9000.000	693.0560	FI				
171	Spectrogram 1	1	693.422687061	693.422687061	20919.786	20919.786	21000.000	21000.000	-95.35	0.0000	0.000	21000.000	693.4240	FF				
172	Spectrogram 1	1	779.478036607	779.854450346	7828.877	16812.834	10312.500	11250.000	-77.96	0.3764	8983.957	10312.500	779.5307		SA	A	0	SB
173	Spectrogram 1	1	779.493941413	779.493941413	8598.930	8598.930	8625.000	8625.000	-78.10	0.0000	0.000	8625.000	779.4933	FI				
174	Spectrogram 1	1	779.838545540	779.838545540	16171.123	16171.123	16125.000	16125.000	-96.94	0.0000	0.000	16125.000	779.8373	FF				
175	Spectrogram 1	1	793.154936562	793.462429475	7315.508	16941.176	11250.000	10687.500	-80.22	0.3075	9625.668	11250.000	793.2587		SA	A	0	SB
176	Spectrogram 1	1	793.168190567	793.168190567	8470.588	8470.588	8437.500	8437.500	-71.93	0.0000	0.000	8437.500	793.1680	FI				
177	Spectrogram 1	1	793.454477072	793.454477072	16427.807	16427.807	16500.000	16500.000	-83.27	0.0000	0.000	16500.000	793.4533	FF				
178	Spectrogram 1	1	793.913065641	794.342495400	6417.112	19893.048	12750.000	12000.000	-76.26	0.4294	13475.936	12750.000	794.1547		SA	A	0	SB
179	Spectrogram 1	1	793.928970447	793.928970447	7187.166	7187.166	7125.000	7125.000	-69.32	0.0000	0.000	7125.000	793.9280	FI				
180	Spectrogram 1	1	794.326590594	794.326590594	19251.337	19251.337	19312.500	19312.500	-80.14	0.0000	0.000	19312.500	794.3253	FF				
181	Spectrogram 1	1	800.990174997	801.387795144	7957.219	17454.545	13312.500	11062.500	-79.96	0.3976	9497.326	13312.500	801.2880		SA	A	0	SB
182	Spectrogram 1	1	801.006079803	801.006079803	8727.273	8727.273	8812.500	8812.500	-81.79	0.0000	0.000	8812.500	801.0053	FI				
183	Spectrogram 1	1	801.377191940	801.377191940	16941.176	16941.176	16875.000	16875.000	-81.52	0.0000	0.000	16875.000	801.3760	FF				
184	Spectrogram 1	1	815.685405209	816.085676156	8342.246	17967.914	10875.000	11250.000	-81.37	0.4003	9625.668	10875.000	815.7627		SA	A	0	SB
185	Spectrogram 1	1	815.706611616	815.706611616	9112.299	9112.299	9187.500	9187.500	-95.09	0.0000	0.000	9187.500	815.7067	FI				
186	Spectrogram 1	1	816.072422151	816.072422151	17582.888	17582.888	17625.000	17625.000	-83.06	0.0000	0.000	17625.000	816.0720	FF				
187	Spectrogram 1	1	827.671688324	828.050752864	7700.535	18866.310	11812.500	12375.000	-72.97	0.3791	11165.775	11812.500	827.7813		SA	A	0	SB
188	Spectrogram 1	1	827.682291528	827.682291528	8598.930	8598.930	8625.000	8625.000	-75.38	0.0000	0.000	8625.000	827.6827	FI				
189	Spectrogram 1	1	828.048102063	828.048102063	17326.203	17326.203	17250.000	17250.000	-90.89	0.0000	0.000	17250.000	828.0480	FF				
190	Spectrogram 1	1	831.306387717	831.711960266	8855.615	21818.182	12937.500	12375.000	-81.01	0.4056	12962.567	12937.500	831.5333		SA	A	0	SB
191	Spectrogram 1	1	831.316990921	831.316990921	9625.668	9625.668	9562.500	9562.500	-68.05	0.0000	0.000	9562.500	831.3173	FI				
192	Spectrogram 1	1	831.698706261	831.698706261	20663.102	20663.102	20625.000	20625.000	-80.26	0.0000	0.000	20625.000	831.6987	FF				
193	Spectrogram 1	1	859.237448633	859.648322784	8213.904	19893.048	9000.000	11625.000	-80.61	0.4109	11679.144	9000.000	859.2480		SA	A	0	SB
194	Spectrogram 1	1	859.250702638	859.250702638	9112.299	9112.299	9187.500	9187.500	-64.94	0.0000	0.000	9187.500	859.2507	FI				
195	Spectrogram 1	1	859.637719580	859.637719580	19379.679	19379.679	19312.500	19312.500	-83.63	0.0000	0.000	19312.500	859.6373	FF				
196	Spectrogram 1	1	881.602149480	881.991817224	7828.877	19893.048	11812.500	11625.000	-79.62	0.3897	12064.171	11812.500	881.7333		SA	A	0	SB
197	Spectrogram 1	1	881.615403485	881.615403485	8727.273	8727.273	8812.500	8812.500	-67.41	0.0000	0.000	8812.500	881.6160	FI				
198	Spectrogram 1	1	881.973261617	881.973261617	19508.021	19508.021	19500.000	19500.000	-79.98	0.0000	0.000	19500.000	881.9733	FF				
199	Spectrogram 1	1	938.306410594	938.627157512	11679.144	17326.203	14812.500	13875.000	-79.73	0.3207	5647.059	14812.500	938.5493		SA	A	0	SB
200	Spectrogram 1	1	938.322315400	938.322315400	12449.198	12449.198	12375.000	12375.000	-72.06	0.0000	0.000	12375.000	938.3227	FI				
201	Spectrogram 1	1	938.619205109	938.619205109	16684.492	16684.492	16687.500	16687.500	-93.30	0.0000	0.000	16687.500	938.6187	FF				
202	Spectrogram 1	1	940.154864238	940.504769967	8470.588	14631.016	9750.000	9937.500	-77.43	0.3499	6160.428	9750.000	940.3653		SA	A	0	SB
203	Spectrogram 1	1	940.168118243	940.168118243	8855.615	8855.615	8812.500	8812.500	-76.16	0.0000	0.000	8812.500	940.1680	FI				
204	Spectrogram 1	1	940.488865161	940.488865161	13989.305	13989.305	14062.500	14062.500	-94.11	0.0000	0.000	14062.500	940.4880	FF				
205	Spectrogram 1	1	960.386253971	960.815683730	5390.374	21176.471	9750.000	9937.500	-80.83	0.4294	15786.097	9750.000	960.4293		SA	A	0	SB
206	Spectrogram 1	1	960.399507976	960.399507976	6673.797	6673.797	6750.000	6750.000	-73.97	0.0000	0.000	6750.000	960.4000	FI				
207	Spectrogram 1	1	960.807731327	960.807731327	19893.048	19893.048	19875.000	19875.000	-101.24	0.0000	0.000	19875.000	960.8080	FF				
208	Spectrogram 1	1	976.634657182	977.180722183	7700.535	22844.920	11812.500	11812.500	-76.45	0.5461	15144.385	11812.500	976.7867		SA	A	0	SB
209	Spectrogram 1	1	976.647911187	976.647911187	8983.957	8983.957	9000.000	9000.000	-63.10	0.0000	0.000	9000.000	976.6480	FI				
210	Spectrogram 1	1	977.172769780	977.172769780	22074.866	22074.866	22125.000	22125.000	-82.10	0.0000	0.000	22125.000	977.1733	FF				
211	Spectrogram 1	1	988.669880566	989.040992703	9497.326	25796.791	16125.000	15937.500	-81.97	0.3711	16299.465	16125.000	988.7573		SA	A	0	SB
212	Spectrogram 1	1	988.680483770	988.680483770	10652.406	10652.406	10687.500	10687.500	-79.86	0.0000	0.000	10687.500	988.6800	FI				
213	Spectrogram 1	1	989.027738698	989.027738698	25026.738	25026.738	24937.500	24937.500	-77.98	0.0000	0.000	24937.500	989.0267	FF				
214	Spectrogram 1	1	991.416753919	991.700389624	8470.588	15401.070	10125.000	10500.000	-79.45	0.2836	6930.482	10125.000	991.5707		SA	A	0	SB
215	Spectrogram 1	1	991.435309526	991.435309526	8983.957	8983.957	9000.000	9000.000	-71.47	0.0000	0.000	9000.000	991.4347	FI				
216	Spectrogram 1	1	991.689786420	991.689786420	14374.332	14374.332	14437.500	14437.500	-83.80	0.0000	0.000	14437.500	991.6907	FF				
217	Spectrogram 1	1	1013.734973010	1013.989449904	12064.171	18481.283	14062.500	14062.500	-83.51	0.2545	6417.112	14062.500	1013.8133		SA	A	0	SB
218	Spectrogram 1	1	1013.745576214	1013.745576214	12834.225	12834.225	12750.000	12750.000	-79.35	0.0000	0.000	12750.000	1013.7467	FI				
219	Spectrogram 1	1	1013.978846700	1013.978846700	17839.572	17839.572	17812.500	17812.500	-82.15	0.0000	0.000	17812.500	1013.9787	FF				
220	Spectrogram 1	1	1026.842951661	1027.235270206	8855.615	20919.786	10125.000	11812.500	-81.61	0.3923	12064.171	10125.000	1026.8613		SA	A	0	SB
221	Spectrogram 1	1	1026.853554865	1026.853554865	9882.353	9882.353	9937.500	9937.500	-69.96	0.0000	0.000	9937.500	1026.8533	FI				
222	Spectrogram 1	1	1027.224667002	1027.224667002	19764.706	19764.706	19687.500	19687.500	-93.52	0.0000	0.000	19687.500	1027.2240	FF				
223	Spectrogram 1	1	1061.325851555	1061.779138522	7315.508	20534.759	12562.500	12562.500	-75.36	0.4533	13219.251	12562.500	1061.4960		SA	A	0	SB
224	Spectrogram 1	1	1061.341756361	1061.341756361	7828.877	7828.877	7875.000	7875.000	-68.53	0.0000	0.000	7875.000	1061.3413	FI				
225	Spectrogram 1	1	1061.779138522	1061.779138522	18352.941	18352.941	18375.000	18375.000	-90.21	0.0000	0.000	18375.000	1061.7787	FF				
226	Spectrogram 1	1	1098.497729861	1098.876794401	9368.984	18609.626	13875.000	12187.500	-79.66	0.3791	9240.642	13875.000	1098.7760		SA	A	0	SB
227	Spectrogram 1	1	1098.516285468	1098.516285468	9882.353	9882.353	9937.500	9937.500	-73.05	0.0000	0.000	9937.500	1098.5173	FI				
228	Spectrogram 1	1	1098.866191197	1098.866191197	17839.572	17839.572	17812.500	17812.500	-92.79	0.0000	0.000	17812.500	1098.8667	FF				
229	Spectrogram 1	1	1102.071462194	1102.455828336	8598.930	19893.048	10875.000	11437.500	-80.71	0.3844	11294.118	10875.000	1102.1147		SA	A	0	SB
230	Spectrogram 1	1	1102.082065398	1102.082065398	9882.353	9882.353	9937.500	9937.500	-72.28	0.0000	0.000	9937.500	1102.0827	FI				
231	Spectrogram 1	1	1102.453177535	1102.453177535	18994.652	18994.652	18937.500	18937.500	-96.19	0.0000	0.000	18937.500	1102.4533	FF				
232	Spectrogram 1	1	1106.478587770	1106.870906314	7572.193	20919.786	9750.000	11250.000	-76.18	0.3923	13347.593	9750.000	1106.5120		SA	A	0	SB
233	Spectrogram 1	1	1106.486540173	1106.486540173	8342.246	8342.246	8250.000	8250.000	-65.03	0.0000	0.000	8250.000	1106.4853	FI				
234	Spectrogram 1	1	1106.860303110	1106.860303110	19508.021	19508.021	19500.000	19500.000	-94.72	0.0000	0.000	19500.000	1106.8613	FF				
235	Spectrogram 1	1	1106.073015220	1106.595223013	8855.615	18224.599	9750.000	10687.500	-76.62	0.5222	9368.984	9750.000	1106.5120		SA	A	0	SB
236	Spectrogram 1	1	1106.086269225	1106.086269225	9368.984	9368.984	9375.000	9375.000	-72.49	0.0000	0.000	9375.000	1106.0853	FI				
237	Spectrogram 1	1	1106.568715003	1106.568715003	17326.203	17326.203	17250.000	17250.000	-75.00	0.0000	0.000	17250.000	1106.5680	FF				
238	Spectrogram 1	1	1200.176096385	1200.547208522	10267.380	17197.861	12750.000	12562.500	-79.13	0.3711	6930.481	12750.000	1200.3920		SA	A	0	SB
239	Spectrogram 1	1	1200.194651992	1200.194651992	10909.091	10909.091	10875.000	10875.000	-80.61	0.0000	0.000	10875.000	1200.1947	FI				
240	Spectrogram 1	1	1200.531303716	1200.531303716	16427.807	16427.807	16500.000	16500.000	-85.05	0.0000	0.000	16500.000	1200.5307	FF				
241	Spectrogram 1	1	1173.653867936	1173.932202038	12834.225	16042.781	13875.000	14062.500	-79.58	0.2783	3208.556	13875.000	1173.7547		SA	A	0	SB
242	Spectrogram 1	1	1173.672423542	1173.672423542	13347.594	13347.594	13312.500	13312.500	-75.37	0.0000	0.000	13312.500	1173.6720	FI				
243	Spectrogram 1	1	1173.926900436	1173.926900436	15272.727	15272.727	15187.500	15187.500	-85.27	0.0000	0.000	15187.500	1173.9280	FF				
244	Spectrogram 1	1	1223.981213003	1224.400039558	13347.594	17711.230	17625.000	14812.500	-83.14	0.4188	4363.636	17625.000	1224.1040		SA	A	0	SB
245	Spectrogram 1	1	1223.997117809	1223.997117809	14117.647	14117.647	14062.500	14062.500	-78.10	0.0000	0.000	14062.500	1223.9973	FI				
246	Spectrogram 1	1	1224.384134752	1224.384134752	17197.861	17197.861	17250.000	17250.000	-87.85	0.0000	0.000	17250.000	1224.3840	FF				
247	Spectrogram 1	1	1244.773380712	1245.123286441	10652.406	14245.989	12937.500	13125.000	-78.39	0.3499	3593.583	12937.500	1244.8507		SA	A	0	SB
248	Spectrogram 1	1	1244.789285518	1244.789285518	11165.775	11165.775	11250.000	11250.000	-78.20	0.0000	0.000	11250.000	1244.7893	FI				
249	Spectrogram 1	1	1245.099429232	1245.099429232	13347.594	13347.594	13312.500	13312.500	-81.95	0.0000	0.000	13312.500	1245.0987	FF				
250	Spectrogram 1	1	1245.634891030	1246.061669987	6673.797	19764.706	13687.500	12562.500	-75.50	0.4268	13090.909	13687.500	1245.9067		SA	A	0	SB
251	Spectrogram 1	1	1245.658748239	1245.658748239	7187.166	7187.166	7125.000	7125.000	-75.52	0.0000	0.000	7125.000	1245.6587	FI				
252	Spectrogram 1	1	1246.045765181	1246.045765181	18994.652	18994.652	18937.500	18937.500	-67.95	0.0000	0.000	18937.500	1246.0453	FF				
253	Spectrogram 1	1	1246.154448021	1246.371813702	8855.615	22973.262	13687.500	12937.500	-78.43	0.2174	14117.647	13687.500	1246.2373		SA	A	0	SB
254	Spectrogram 1	1	1246.170352827	1246.170352827	9497.326	9497.326	9562.500	9562.500	-65.32	0.0000	0.000	9562.500	1246.1707	FI				
255	Spectrogram 1	1	1246.353258095	1246.353258095	22203.209	22203.209	22125.000	22125.000	-81.85	0.0000	0.000	22125.000	1246.3520	FF				
256	Spectrogram 1	1	1249.965132481	1250.325641414	11550.802	15401.070	13500.000	13500.000	-79.12	0.3605	3850.268	13500.000	1250.2267		SA	A	0	SB
257	Spectrogram 1	1	1249.983688088	1249.983688088	12449.198	12449.198	12375.000	12375.000	-72.89	0.0000	0.000	12375.000	1249.9840	FI				
258	Spectrogram 1	1	1250.312387409	1250.312387409	14502.674	14502.674	14437.500	14437.500	-77.24	0.0000	0.000	14437.500	1250.3120	FF				
259	Spectrogram 1	1	1251.843764879	1252.244035826	7828.877	16299.465	12750.000	11250.000	-80.63	0.4003	8470.588	12750.000	1252.1280		SA	A	0	SB
260	Spectrogram 1	1	1251.859669684	1251.859669684	8598.930	8598.930	8625.000	8625.000	-67.41	0.0000	0.000	8625.000	1251.8587	FI				
261	Spectrogram 1	1	1252.230781821	1252.230781821	15144.385	15144.385	15187.500	15187.500	-96.04	0.0000	0.000	15187.500	1252.2320	FF				
262	Spectrogram 1	1	1252.935894881	1253.214228984	10652.406	20919.786	12750.000	12937.500	-82.16	0.2783	10267.380	12750.000	1253.0453		SA	A	0	SB
263	Spectrogram 1	1	1252.951799687	1252.951799687	11550.802	11550.802	11625.000	11625.000	-73.31	0.0000	0.000	11625.000	1252.9520	FI				
264	Spectrogram 1	1	1253.214228984	1253.214228984	20021.390	20021.390	20062.500	20062.500	-78.33	0.0000	0.000	20062.500	1253.2133	FF				
265	Spectrogram 1	1	1254.105743475	1254.521919228	9112.299	18352.941	10312.500	11625.000	-80.40	0.4162	9240.642	10312.500	1254.2613		NA	A	0	SB
266	Spectrogram 1	1	1254.124299082	1254.124299082	9754.011	9754.011	9750.000	9750.000	-65.84	0.0000	0.000	9750.000	1254.1253	FI				
267	Spectrogram 1	1	1254.513966825	1254.513966825	17326.203	17326.203	17250.000	17250.000	-85.86	0.0000	0.000	17250.000	1254.5147	FF				
268	Spectrogram 1	1	1297.492400950	1297.913878306	9497.326	21176.471	12750.000	12375.000	-83.14	0.4215	11679.145	12750.000	1297.7307		SA	A	0	SB
269	Spectrogram 1	1	1297.508305756	1297.508305756	10139.037	10139.037	10125.000	10125.000	-83.36	0.0000	0.000	10125.000	1297.5093	FI				
270	Spectrogram 1	1	1297.905925903	1297.905925903	19508.021	19508.021	19500.000	19500.000	-98.22	0.0000	0.000	19500.000	1297.9067	FF				
271	Spectrogram 1	1	1317.611798675	1318.048541491	14850.000	18900.000	18000.000	18000.000	-76.78	0.4367	4050.000	18000.000	1317.7467		SA	A	0	SB
272	Spectrogram 1	1	1317.627286009	1317.627286009	16050.000	16050.000	16125.000	16125.000	-89.46	0.0000	0.000	16125.000	1317.6267	FI				
273	Spectrogram 1	1	1318.033054157	1318.033054157	17850.000	17850.000	17812.500	17812.500	-80.82	0.0000	0.000	17812.500	1318.0320	FF				
274	Spectrogram 1	1	1333.847750807	1334.265908822	5850.000	16500.000	9937.500	11062.500	-77.95	0.4182	10650.000	9937.500	1333.9147		SA	A	0	SB
275	Spectrogram 1	1	1333.872530541	1333.872530541	6750.000	6750.000	6750.000	6750.000	-68.52	0.0000	0.000	6750.000	1333.8720	FI				
276	Spectrogram 1	1	1334.253518955	1334.253518955	15600.000	15600.000	15562.500	15562.500	-71.95	0.0000	0.000	15562.500	1334.2533	FF				
277	Spectrogram 1	1	1336.900344750	1337.315405299	9600.000	18450.000	13500.000	12375.000	-77.88	0.4151	8850.000	13500.000	1337.2187		SA	A	0	SB
278	Spectrogram 1	1	1336.918929551	1336.918929551	10800.000	10800.000	10875.000	10875.000	-64.40	0.0000	0.000	10875.000	1336.9200	FI				
279	Spectrogram 1	1	1337.299917965	1337.299917965	18000.000	18000.000	18000.000	18000.000	-75.78	0.0000	0.000	18000.000	1337.2987	FF				
280	Spectrogram 1	1	1402.522268988	1402.856795400	8550.000	17850.000	10875.000	11812.500	-79.38	0.3345	9300.000	10875.000	1402.5627		SA	A	0	SB
281	Spectrogram 1	1	1402.537756322	1402.537756322	9900.000	9900.000	9937.500	9937.500	-79.63	0.0000	0.000	9937.500	1402.5387	FI				
282	Spectrogram 1	1	1402.847503000	1402.847503000	17100.000	17100.000	17062.500	17062.500	-105.02	0.0000	0.000	17062.500	1402.8480	FF				
283	Spectrogram 1	1	1405.888436202	1406.241547415	8100.000	18600.000	11250.000	11812.500	-77.14	0.3531	10500.000	11250.000	1405.9467		SA	A	0	SB
284	Spectrogram 1	1	1405.903923536	1405.903923536	9600.000	9600.000	9562.500	9562.500	-72.72	0.0000	0.000	9562.500	1405.9040	FI				
285	Spectrogram 1	1	1406.229157548	1406.229157548	17550.000	17550.000	17625.000	17625.000	-75.93	0.0000	0.000	17625.000	1406.2293	FF				
286	Spectrogram 1	1	1408.435547570	1408.801048650	8400.000	17850.000	11250.000	11812.500	-78.55	0.3655	9450.000	11250.000	1408.5253		SA	A	0	SB
287	Spectrogram 1	1	1408.460327304	1408.460327304	9150.000	9150.000	9187.500	9187.500	-84.43	0.0000	0.000	9187.500	1408.4613	FI				
288	Spectrogram 1	1	1408.794853716	1408.794853716	17250.000	17250.000	17250.000	17250.000	-75.17	0.0000	0.000	17250.000	1408.7947	FF				
289	Spectrogram 1	1	1410.321573896	1410.581761106	6450.000	19050.000	11625.000	11437.500	-79.31	0.2602	12600.000	11625.000	1410.3920		SA	A	0	SB
290	Spectrogram 1	1	1410.333963763	1410.333963763	8100.000	8100.000	8062.500	8062.500	-73.00	0.0000	0.000	8062.500	1410.3333	FI				
291	Spectrogram 1	1	1410.578663639	1410.578663639	18150.000	18150.000	18187.500	18187.500	-84.37	0.0000	0.000	18187.500	1410.5787	FF				
292	Spectrogram 1	1	1411.058770990	1411.393297402	8550.000	19200.000	11062.500	11812.500	-77.93	0.3345	10650.000	11062.500	1411.0960		SA	A	0	SB
293	Spectrogram 1	1	1411.068063390	1411.068063390	9750.000	9750.000	9750.000	9750.000	-73.24	0.0000	0.000	9750.000	1411.0693	FI				
294	Spectrogram 1	1	1411.387102469	1411.387102469	17550.000	17550.000	17625.000	17625.000	-76.19	0.0000	0.000	17625.000	1411.3867	FF				
295	Spectrogram 1	1	1416.880898418	1417.416760172	6600.000	16350.000	12375.000	11625.000	-77.85	0.5359	9750.000	12375.000	1417.0587		SA	A	0	SB
296	Spectrogram 1	1	1416.905678153	1416.905678153	7200.000	7200.000	7125.000	7125.000	-86.59	0.0000	0.000	7125.000	1416.9067	FI				
297	Spectrogram 1	1	1417.395077904	1417.395077904	15300.000	15300.000	15375.000	15375.000	-95.08	0.0000	0.000	15375.000	1417.3947	FF				
298	Spectrogram 1	1	1420.280539553	1420.717282369	10200.000	16050.000	12000.000	13500.000	-76.14	0.4367	5850.000	12000.000	1420.3280		SA	A	0	SB
299	Spectrogram 1	1	1420.296026887	1420.296026887	10800.000	10800.000	10875.000	10875.000	-75.28	0.0000	0.000	10875.000	1420.2960	FI				
300	Spectrogram 1	1	1420.698697568	1420.698697568	15450.000	15450.000	15375.000	15375.000	-69.28	0.0000	0.000	15375.000	1420.6987	FF				
301	Spectrogram 1	1	1422.972505457	1423.217205333	6750.000	21150.000	12562.500	11812.500	-79.81	0.2447	14400.000	12562.500	1423.0640		SA	A	0	SB
302	Spectrogram 1	1	1422.987992791	1422.987992791	8400.000	8400.000	8437.500	8437.500	-67.77	0.0000	0.000	8437.500	1422.9867	FI				
303	Spectrogram 1	1	1423.207912932	1423.207912932	19950.000	19950.000	19875.000	19875.000	-97.77	0.0000	0.000	19875.000	1423.2080	FF				
304	Spectrogram 1	1	1426.295895454	1426.611837066	9750.000	17700.000	11250.000	11812.500	-78.09	0.3159	7950.000	11250.000	1426.3387		SA	A	0	SB
305	Spectrogram 1	1	1426.311382788	1426.311382788	10800.000	10800.000	10875.000	10875.000	-74.99	0.0000	0.000	10875.000	1426.3120	FI7				
306	Spectrogram 1	1	1426.596349732	1426.596349732	16950.000	16950.000	16875.000	16875.000	-84.66	0.0000	0.000	16875.000	1426.5973	FF				
307	Spectrogram 1	1	1546.624019652	1547.045275134	6000.000	20400.000	10500.000	10500.000	-77.03	0.4213	14400.000	10500.000	1546.6960		SA	A	0	SB
308	Spectrogram 1	1	1546.630214586	1546.630214586	7800.000	7800.000	7875.000	7875.000	-81.15	0.0000	0.000	7875.000	1546.6293	FI				
309	Spectrogram 1	1	1547.032885267	1547.032885267	19500.000	19500.000	19500.000	19500.000	-82.49	0.0000	0.000	19500.000	1547.0320	FF				
310	Spectrogram 1	1	1560.670397704	1561.073068385	5400.000	18300.000	10687.500	10687.500	-77.72	0.4027	12900.000	10687.500	1560.7360		SA	A	0	SB
311	Spectrogram 1	1	1560.676592637	1560.676592637	7050.000	7050.000	7125.000	7125.000	-87.37	0.0000	0.000	7125.000	1560.6773	FI				
312	Spectrogram 1	1	1561.063775985	1561.063775985	16650.000	16650.000	16687.500	16687.500	-83.16	0.0000	0.000	16687.500	1561.0640	FF				
313	Spectrogram 1	1	1591.826826622	1592.229497303	8850.000	19500.000	10875.000	11437.500	-79.64	0.4027	10650.000	10875.000	1591.8853		SA	A	0	SB
314	Spectrogram 1	1	1591.845411422	1591.845411422	9000.000	9000.000	9000.000	9000.000	-76.95	0.0000	0.000	9000.000	1591.8453	FI				
315	Spectrogram 1	1	1592.210912503	1592.210912503	19200.000	19200.000	19125.000	19125.000	-100.68	0.0000	0.000	19125.000	1592.2107	FF				
316	Spectrogram 1	1	1658.117823183	1658.619612802	12450.000	28650.000	17812.500	17625.000	-86.93	0.5018	16200.000	17812.500	1658.2373		SA	A	0	SB
317	Spectrogram 1	1	1658.127115583	1658.127115583	14100.000	14100.000	14062.500	14062.500	-92.76	0.0000	0.000	14062.500	1658.1280	FI				
318	Spectrogram 1	1	1658.597930534	1658.597930534	27900.000	27900.000	27937.500	27937.500	-90.82	0.0000	0.000	27937.500	1658.5973	FF				
319	Spectrogram 1	1	1666.966579288	1667.198889296	6750.000	18450.000	15000.000	10875.000	-80.08	0.2323	11700.000	15000.000	1667.0800		SA	A	0	SB
320	Spectrogram 1	1	1666.975871688	1666.975871688	8100.000	8100.000	8062.500	8062.500	-70.08	0.0000	0.000	8062.500	1666.9760	FI				
321	Spectrogram 1	1	1667.189596896	1667.189596896	17550.000	17550.000	17625.000	17625.000	-89.54	0.0000	0.000	17625.000	1667.1893	FF				
322	Spectrogram 1	1	1754.388781829	1754.968008117	11250.000	21900.000	11250.000	14062.500	-84.83	0.5792	10650.000	11250.000	1754.4213		NA	A	0	SB
323	Spectrogram 1	1	1754.404269163	1754.404269163	12150.000	12150.000	12187.500	12187.500	-72.65	0.0000	0.000	12187.500	1754.4053	FI				
324	Spectrogram 1	1	1754.940130916	1754.940130916	19650.000	19650.000	19687.500	19687.500	-89.31	0.0000	0.000	19687.500	1754.9413	FF				
