Selection	View	Channel	Begin Time (s)	End Time (s)	Low Freq (Hz)	High Freq (Hz)	Max Freq (Hz)	Center Freq (Hz)	Avg Power Density (dB FS)	Delta Time (s)	Delta Freq (Hz)	Peak Freq (Hz)	Peak Time (s)	observacoes	PF_check	modulacao	Pi	sobreposicao
1	Spectrogram 1	1	0.275683302	0.646795439	6288.770	17582.888	11062.500	11250.000	-77.94	0.3711	11294.118	11062.500	0.5547		SA	A	0	SB
2	Spectrogram 1	1	0.318096117	0.318096117	6545.455	6545.455	6562.500	6562.500	-72.37	0.0000	0.000	6562.500	0.3173	FI				
3	Spectrogram 1	1	0.636192235	0.636192235	16171.123	16171.123	16125.000	16125.000	-78.38	0.0000	0.000	16125.000	0.6373	FF				
4	Spectrogram 1	1	1.314797285	1.707115830	8855.615	13475.936	11812.500	11437.500	-76.92	0.3923	4620.321	11812.500	1.5787		SA	A	0	SB
5	Spectrogram 1	1	1.357210101	1.357210101	9368.984	9368.984	9375.000	9375.000	-75.94	0.0000	0.000	9375.000	1.3573	FI				
6	Spectrogram 1	1	1.685909422	1.685909422	13090.909	13090.909	13125.000	13125.000	-83.61	0.0000	0.000	13125.000	1.6853	FF				
7	Spectrogram 1	1	2.656102580	3.053722726	14374.332	19251.337	16312.500	16687.500	-63.97	0.3976	4877.005	16312.500	2.8053		SA	A	0	SB
8	Spectrogram 1	1	2.693213793	2.693213793	14631.016	14631.016	14625.000	14625.000	-74.38	0.0000	0.000	14625.000	2.6933	FI				
9	Spectrogram 1	1	3.043119522	3.043119522	18609.626	18609.626	18562.500	18562.500	-79.22	0.0000	0.000	18562.500	3.0427	FF				
10	Spectrogram 1	1	7.858868711	8.293600072	8342.246	20791.444	17437.500	15750.000	-73.59	0.4347	12449.198	17437.500	8.1733		SA	A	0	SB
11	Spectrogram 1	1	7.906583129	7.906583129	8727.273	8727.273	8812.500	8812.500	-75.51	0.0000	0.000	8812.500	7.9067	FI				
12	Spectrogram 1	1	8.288298470	8.288298470	19764.706	19764.706	19687.500	19687.500	-88.84	0.0000	0.000	19687.500	8.2880	FF				
13	Spectrogram 1	1	8.749537840	9.152459588	8342.246	20021.390	17812.500	15375.000	-73.49	0.4029	11679.144	17812.500	9.0880		SA	A	0	SB
14	Spectrogram 1	1	8.802553859	8.802553859	8983.957	8983.957	9000.000	9000.000	-67.26	0.0000	0.000	9000.000	8.8027	FI				
15	Spectrogram 1	1	9.141856384	9.141856384	19122.995	19122.995	19125.000	19125.000	-76.78	0.0000	0.000	19125.000	9.1413	FF				
16	Spectrogram 1	1	10.202176775	10.520272893	9754.011	22074.866	12375.000	13687.500	-78.91	0.3181	12320.855	12375.000	10.5120		NA	A	0	SB
17	Spectrogram 1	1	10.228684785	10.228684785	10524.064	10524.064	10500.000	10500.000	-69.79	0.0000	0.000	10500.000	10.2293	FI				
18	Spectrogram 1	1	10.504368087	10.504368087	21433.155	21433.155	21375.000	21375.000	-82.41	0.0000	0.000	21375.000	10.5040	FF				
19	Spectrogram 1	1	21.119623855	21.453624779	8855.615	21433.155	12000.000	14437.500	-79.21	0.3340	12577.540	12000.000	21.2373		SA	A	0	SB
20	Spectrogram 1	1	21.130227059	21.130227059	9497.326	9497.326	9562.500	9562.500	-72.79	0.0000	0.000	9562.500	21.1307	FI				
21	Spectrogram 1	1	21.432418371	21.432418371	20919.786	20919.786	21000.000	21000.000	-71.80	0.0000	0.000	21000.000	21.4320	FF				
22	Spectrogram 1	1	24.046108135	24.480839495	4877.005	22844.920	15750.000	15375.000	-71.52	0.4347	17967.915	15750.000	24.2267		SA	A	0	SB
23	Spectrogram 1	1	24.088520950	24.088520950	5518.717	5518.717	5437.500	5437.500	-65.87	0.0000	0.000	5437.500	24.0880	FI				
24	Spectrogram 1	1	24.470236291	24.470236291	22203.209	22203.209	22125.000	22125.000	-75.91	0.0000	0.000	22125.000	24.4693	FF				
25	Spectrogram 1	1	40.073852157	40.524488323	8470.588	25411.765	12000.000	14625.000	-79.20	0.4506	16941.177	12000.000	40.1493		SA	A	0	SB
26	Spectrogram 1	1	40.095058565	40.095058565	8855.615	8855.615	8812.500	8812.500	-70.10	0.0000	0.000	8812.500	40.0960	FI				
27	Spectrogram 1	1	40.513885119	40.513885119	24256.684	24256.684	24187.500	24187.500	-88.75	0.0000	0.000	24187.500	40.5147	FF				
28	Spectrogram 1	1	95.481085290	96.096071116	8727.273	20021.390	15562.500	15375.000	-76.83	0.6150	11294.117	15562.500	95.6533		SA	A	0	SB
29	Spectrogram 1	1	95.528799707	95.528799707	9112.299	9112.299	9187.500	9187.500	-81.03	0.0000	0.000	9187.500	95.5280	FI				
30	Spectrogram 1	1	96.064261505	96.064261505	18994.652	18994.652	18937.500	18937.500	-85.14	0.0000	0.000	18937.500	96.0640	FF				
31	Spectrogram 1	1	96.530802477	96.954930633	8983.957	20406.417	15375.000	15187.500	-78.91	0.4241	11422.460	15375.000	96.7787		SA	A	0	SB
32	Spectrogram 1	1	96.567913690	96.567913690	9112.299	9112.299	9187.500	9187.500	-75.09	0.0000	0.000	9187.500	96.5680	FI				
33	Spectrogram 1	1	96.933724225	96.933724225	20021.390	20021.390	20062.500	20062.500	-81.99	0.0000	0.000	20062.500	96.9333	FF				
34	Spectrogram 1	1	97.596424470	97.903917383	4491.979	7572.193	5625.000	5625.000	-72.88	0.3075	3080.214	5625.000	97.7093		SA	A	0	SB
35	Spectrogram 1	1	97.628234081	97.628234081	5005.348	5005.348	5062.500	5062.500	-66.21	0.0000	0.000	5062.500	97.6293	FI				
36	Spectrogram 1	1	97.882710975	97.882710975	7058.824	7058.824	7125.000	7125.000	-72.25	0.0000	0.000	7125.000	97.8827	FF				
37	Spectrogram 1	1	100.562073833	101.055122814	6160.428	20791.444	9187.500	11437.500	-76.01	0.4930	14631.016	9187.500	100.6720		SA	A	0	SB
38	Spectrogram 1	1	100.593883444	100.593883444	6673.797	6673.797	6750.000	6750.000	-73.10	0.0000	0.000	6750.000	100.5947	FI				
39	Spectrogram 1	1	101.033916407	101.033916407	20021.390	20021.390	20062.500	20062.500	-73.64	0.0000	0.000	20062.500	101.0347	FF				
40	Spectrogram 1	1	107.532609839	107.877213966	4620.321	6930.481	5062.500	5437.500	-71.64	0.3446	2310.160	5062.500	107.6240		SA	A	0	SB
41	Spectrogram 1	1	107.569721053	107.569721053	4877.005	4877.005	4875.000	4875.000	-71.06	0.0000	0.000	4875.000	107.5707	FI				
42	Spectrogram 1	1	107.850705957	107.850705957	6545.455	6545.455	6562.500	6562.500	-73.82	0.0000	0.000	6562.500	107.8507	FF				
43	Spectrogram 1	1	112.612653855	112.973162788	5647.059	9240.642	7312.500	7125.000	-68.93	0.3605	3593.583	7312.500	112.8107		SA	A	0	SB
44	Spectrogram 1	1	112.639161865	112.639161865	6160.428	6160.428	6187.500	6187.500	-60.82	0.0000	0.000	6187.500	112.6400	FI				
45	Spectrogram 1	1	112.957257982	112.957257982	8598.930	8598.930	8625.000	8625.000	-68.03	0.0000	0.000	8625.000	112.9573	FF				
46	Spectrogram 1	1	113.232941284	113.598751819	5390.374	17454.545	15562.500	13312.500	-73.67	0.3658	12064.171	15562.500	113.4773		SA	A	0	SB
47	Spectrogram 1	1	113.264750896	113.264750896	6160.428	6160.428	6187.500	6187.500	-72.58	0.0000	0.000	6187.500	113.2640	FI				
48	Spectrogram 1	1	113.577545411	113.577545411	16812.834	16812.834	16875.000	16875.000	-75.76	0.0000	0.000	16875.000	113.5787	FF				
49	Spectrogram 1	1	115.956729309	116.380857466	6802.139	18609.626	9562.500	11812.500	-73.47	0.4241	11807.487	9562.500	116.1467		SA	A	0	SB
50	Spectrogram 1	1	115.983237319	115.983237319	7187.166	7187.166	7125.000	7125.000	-63.30	0.0000	0.000	7125.000	115.9840	FI				
51	Spectrogram 1	1	116.364952660	116.364952660	18096.257	18096.257	18187.500	18187.500	-78.97	0.0000	0.000	18187.500	116.3653	FF				
52	Spectrogram 1	1	120.407749619	120.747052144	9368.984	19764.706	9375.000	12750.000	-72.97	0.3393	10395.722	9375.000	120.4347		SA	A	0	SB
53	Spectrogram 1	1	120.439559230	120.439559230	10010.695	10010.695	9937.500	9937.500	-64.31	0.0000	0.000	9937.500	120.4400	FI				
54	Spectrogram 1	1	120.741750542	120.741750542	18866.310	18866.310	18937.500	18937.500	-69.11	0.0000	0.000	18937.500	120.7413	FF				
55	Spectrogram 1	1	121.955817390	122.353437536	9112.299	20406.417	14437.500	14625.000	-75.07	0.3976	11294.118	14437.500	122.1947		SA	A	0	SB
56	Spectrogram 1	1	121.987627001	121.987627001	10010.695	10010.695	9937.500	9937.500	-71.94	0.0000	0.000	9937.500	121.9867	FI				
57	Spectrogram 1	1	122.348135934	122.348135934	18994.652	18994.652	18937.500	18937.500	-77.36	0.0000	0.000	18937.500	122.3493	FF				
58	Spectrogram 1	1	132.755842572	133.058033884	8983.957	19893.048	14437.500	14625.000	-74.10	0.3022	10909.091	14437.500	132.9173		SA	A	0	SB
59	Spectrogram 1	1	132.777048980	132.777048980	9754.011	9754.011	9750.000	9750.000	-65.73	0.0000	0.000	9750.000	132.7760	FI				
60	Spectrogram 1	1	133.047430680	133.047430680	19251.337	19251.337	19312.500	19312.500	-58.50	0.0000	0.000	19312.500	133.0480	FF				
61	Spectrogram 1	1	131.435743686	131.785649415	7700.535	20278.075	13875.000	13687.500	-75.09	0.3499	12577.540	13875.000	131.6240		SA	A	0	SB
62	Spectrogram 1	1	131.462251695	131.462251695	8855.615	8855.615	8812.500	8812.500	-70.13	0.0000	0.000	8812.500	131.4613	FI				
63	Spectrogram 1	1	131.775046211	131.775046211	18994.652	18994.652	18937.500	18937.500	-78.40	0.0000	0.000	18937.500	131.7760	FF				
64	Spectrogram 1	1	132.183269561	132.474857669	6417.112	13989.305	9000.000	10312.500	-76.44	0.2916	7572.193	9000.000	132.2853		SA	A	0	SB
65	Spectrogram 1	1	132.209777571	132.209777571	6802.139	6802.139	6750.000	6750.000	-72.64	0.0000	0.000	6750.000	132.2107	FI				
66	Spectrogram 1	1	132.458952863	132.458952863	12962.567	12962.567	12937.500	12937.500	-68.87	0.0000	0.000	12937.500	132.4587	FF				
67	Spectrogram 1	1	133.919559428	134.295973167	9112.299	19379.679	14437.500	13875.000	-74.62	0.3764	10267.380	14437.500	134.1413		SA	A	0	SB
68	Spectrogram 1	1	133.940765836	133.940765836	10139.037	10139.037	10125.000	10125.000	-78.31	0.0000	0.000	10125.000	133.9413	FI				
69	Spectrogram 1	1	134.285369963	134.285369963	19122.995	19122.995	19125.000	19125.000	-72.04	0.0000	0.000	19125.000	134.2853	FF				
70	Spectrogram 1	1	135.547151228	135.902358559	7828.877	21176.471	12562.500	13500.000	-72.52	0.3552	13347.594	12562.500	135.6560		SA	A	0	SB
71	Spectrogram 1	1	135.563056034	135.563056034	8983.957	8983.957	9000.000	9000.000	-75.49	0.0000	0.000	9000.000	135.5627	FI				
72	Spectrogram 1	1	135.897056958	135.897056958	20021.390	20021.390	20062.500	20062.500	-83.48	0.0000	0.000	20062.500	135.8960	FF				
73	Spectrogram 1	1	143.039745439	143.394952770	7828.877	20278.075	14250.000	14062.500	-68.65	0.3552	12449.198	14250.000	143.2133		SA	A	0	SB
74	Spectrogram 1	1	143.071555051	143.071555051	8598.930	8598.930	8625.000	8625.000	-81.21	0.0000	0.000	8625.000	143.0720	FI				
75	Spectrogram 1	1	143.389651168	143.389651168	19893.048	19893.048	19875.000	19875.000	-61.18	0.0000	0.000	19875.000	143.3893	FF				
76	Spectrogram 1	1	139.877791378	140.169379485	10780.749	20406.417	12937.500	14625.000	-66.87	0.2916	9625.668	12937.500	139.9600		SA	A	0	SB
77	Spectrogram 1	1	139.904299388	139.904299388	11807.487	11807.487	11812.500	11812.500	-60.59	0.0000	0.000	11812.500	139.9040	FI				
78	Spectrogram 1	1	140.158776282	140.158776282	20149.733	20149.733	20062.500	20062.500	-62.27	0.0000	0.000	20062.500	140.1600	FF				
79	Spectrogram 1	1	136.907161719	137.257067448	8983.957	20021.390	15750.000	14437.500	-64.83	0.3499	11037.433	15750.000	137.1547		SA	A	0	SB
80	Spectrogram 1	1	136.944272932	136.944272932	9497.326	9497.326	9562.500	9562.500	-95.45	0.0000	0.000	9562.500	136.9440	FI				
81	Spectrogram 1	1	137.241162642	137.241162642	19379.679	19379.679	19312.500	19312.500	-50.33	0.0000	0.000	19312.500	137.2400	FF				
82	Spectrogram 1	1	139.161608382	139.437291684	8598.930	20534.759	14062.500	14250.000	-68.29	0.2757	11935.829	14062.500	139.3013		SA	A	0	SB
83	Spectrogram 1	1	139.188116392	139.188116392	9497.326	9497.326	9562.500	9562.500	-63.76	0.0000	0.000	9562.500	139.1893	FI				
84	Spectrogram 1	1	139.431990082	139.431990082	19636.364	19636.364	19687.500	19687.500	-60.53	0.0000	0.000	19687.500	139.4320	FF				
85	Spectrogram 1	1	141.040563706	141.337453416	9368.984	20534.759	13687.500	13687.500	-66.62	0.2969	11165.775	13687.500	141.1680		SA	A	0	SB
86	Spectrogram 1	1	141.067071716	141.067071716	10139.037	10139.037	10125.000	10125.000	-62.92	0.0000	0.000	10125.000	141.0667	FI				
87	Spectrogram 1	1	141.326850212	141.326850212	19636.364	19636.364	19687.500	19687.500	-69.81	0.0000	0.000	19687.500	141.3280	FF				
88	Spectrogram 1	1	147.607400992	148.020925944	8983.957	20919.786	17062.500	14625.000	-72.25	0.4135	11935.829	17062.500	147.9413		SA	A	0	SB
89	Spectrogram 1	1	147.639210603	147.639210603	9240.642	9240.642	9187.500	9187.500	-84.20	0.0000	0.000	9187.500	147.6400	FI				
90	Spectrogram 1	1	148.005021138	148.005021138	20534.759	20534.759	20625.000	20625.000	-70.56	0.0000	0.000	20625.000	148.0053	FF				
91	Spectrogram 1	1	149.143630179	149.451123093	4620.321	13090.909	11812.500	8625.000	-77.15	0.3075	8470.588	11812.500	149.3973		SA	A	0	SB
92	Spectrogram 1	1	149.159534985	149.159534985	5647.059	5647.059	5625.000	5625.000	-67.69	0.0000	0.000	5625.000	149.1600	FI				
93	Spectrogram 1	1	149.435218287	149.435218287	12449.198	12449.198	12375.000	12375.000	-77.81	0.0000	0.000	12375.000	149.4347	FF				
94	Spectrogram 1	1	149.880552851	150.262268192	10549.451	19893.048	15000.000	15000.000	-74.81	0.3817	9343.597	15000.000	150.0960		SA	A	0	SB
95	Spectrogram 1	1	149.901759259	149.901759259	11294.118	11294.118	11250.000	11250.000	-70.49	0.0000	0.000	11250.000	149.9013	FI				
96	Spectrogram 1	1	150.246363386	150.246363386	19379.679	19379.679	19312.500	19312.500	-75.11	0.0000	0.000	19312.500	150.2453	FF				
97	Spectrogram 1	1	151.742669906	152.304639713	8085.561	21946.524	8437.500	14625.000	-76.46	0.5620	13860.963	8437.500	152.1387		NA	A	0	SB
98	Spectrogram 1	1	151.779781120	151.779781120	9112.299	9112.299	9187.500	9187.500	-76.84	0.0000	0.000	9187.500	151.7787	FI				
99	Spectrogram 1	1	152.283433305	152.283433305	21176.471	21176.471	21187.500	21187.500	-79.03	0.0000	0.000	21187.500	152.2827	FF				
100	Spectrogram 1	1	152.442481364	152.781783889	7443.850	19636.364	12000.000	13875.000	-75.92	0.3393	12192.514	12000.000	152.6027		SA	A	0	SB
101	Spectrogram 1	1	152.474290976	152.474290976	7957.219	7957.219	7875.000	7875.000	-66.11	0.0000	0.000	7875.000	152.4747	FI				
102	Spectrogram 1	1	152.765879083	152.765879083	18994.652	18994.652	18937.500	18937.500	-68.98	0.0000	0.000	18937.500	152.7653	FF				
103	Spectrogram 1	1	153.102530807	153.463039740	8598.930	19508.021	14812.500	14437.500	-72.52	0.3605	10909.091	14812.500	153.2960		SA	A	0	SB
104	Spectrogram 1	1	153.123737215	153.123737215	9497.326	9497.326	9562.500	9562.500	-61.01	0.0000	0.000	9562.500	153.1227	FI				
105	Spectrogram 1	1	153.431230129	153.431230129	18994.652	18994.652	18937.500	18937.500	-86.97	0.0000	0.000	18937.500	153.4320	FF				
106	Spectrogram 1	1	154.686780491	155.137416658	8727.273	20919.786	12375.000	13875.000	-73.85	0.4506	12192.513	12375.000	154.8080		SA	A	0	SB
107	Spectrogram 1	1	154.702685297	154.702685297	9497.326	9497.326	9562.500	9562.500	-56.41	0.0000	0.000	9562.500	154.7040	FI				
108	Spectrogram 1	1	155.110908648	155.110908648	20534.759	20534.759	20625.000	20625.000	-66.75	0.0000	0.000	20625.000	155.1120	FF				
109	Spectrogram 1	1	156.017482582	156.362086709	9240.642	19893.048	9937.500	13500.000	-74.38	0.3446	10652.406	9937.500	156.0560		SA	A	0	SB
110	Spectrogram 1	1	156.043990592	156.043990592	9754.011	9754.011	9750.000	9750.000	-76.26	0.0000	0.000	9750.000	156.0427	FI				
111	Spectrogram 1	1	156.346181903	156.346181903	19251.337	19251.337	19312.500	19312.500	-83.22	0.0000	0.000	19312.500	156.3467	FF				
112	Spectrogram 1	1	156.781701301	156.999066981	10010.695	18481.283	11250.000	13312.500	-74.98	0.2174	8470.588	11250.000	156.8453		SA	A	0	SB
113	Spectrogram 1	1	156.802907709	156.802907709	10524.064	10524.064	10500.000	10500.000	-69.13	0.0000	0.000	10500.000	156.8027	FI				
114	Spectrogram 1	1	156.993765379	156.993765379	17454.545	17454.545	17437.500	17437.500	-76.24	0.0000	0.000	17437.500	156.9947	FF				
115	Spectrogram 1	1	157.799608876	158.011672954	9754.011	17326.203	12000.000	12937.500	-74.04	0.2121	7572.192	12000.000	157.9067		SA	A	0	SB
116	Spectrogram 1	1	157.826116886	157.826116886	10139.037	10139.037	10125.000	10125.000	-104.52	0.0000	0.000	10125.000	157.8267	FI				
117	Spectrogram 1	1	157.995768148	157.995768148	16556.150	16556.150	16500.000	16500.000	-74.76	0.0000	0.000	16500.000	157.9947	FF				
118	Spectrogram 1	1	158.690278005	158.944754898	6417.112	19636.364	15750.000	11062.500	-69.61	0.2545	13219.252	15750.000	158.8933		SA	A	0	SB
119	Spectrogram 1	1	158.727389218	158.727389218	6802.139	6802.139	6750.000	6750.000	-61.62	0.0000	0.000	6750.000	158.7280	FI				
120	Spectrogram 1	1	158.934151695	158.934151695	19122.995	19122.995	19125.000	19125.000	-70.49	0.0000	0.000	19125.000	158.9333	FF				
121	Spectrogram 1	1	160.778497017	161.017069105	9240.642	20919.786	15750.000	15375.000	-70.61	0.2386	11679.144	15750.000	160.9093		SA	A	0	SB
122	Spectrogram 1	1	160.805005027	160.805005027	10139.037	10139.037	10125.000	10125.000	-65.93	0.0000	0.000	10125.000	160.8053	FI				
123	Spectrogram 1	1	161.011767503	161.011767503	20149.733	20149.733	20062.500	20062.500	-80.45	0.0000	0.000	20062.500	161.0107	FF				
124	Spectrogram 1	1	164.922024413	165.362057376	6545.455	20534.759	9562.500	13500.000	-76.58	0.4400	13989.304	9562.500	165.1227		SA	A	0	SB
125	Spectrogram 1	1	164.943230821	164.943230821	7443.850	7443.850	7500.000	7500.000	-72.77	0.0000	0.000	7500.000	164.9440	FI				
126	Spectrogram 1	1	165.340850968	165.340850968	20021.390	20021.390	20062.500	20062.500	-83.11	0.0000	0.000	20062.500	165.3413	FF				
127	Spectrogram 1	1	172.541233849	172.880536374	8983.957	21304.813	14437.500	13312.500	-72.60	0.3393	12320.856	14437.500	172.7653		SA	A	0	SB
128	Spectrogram 1	1	172.567741859	172.567741859	9497.326	9497.326	9562.500	9562.500	-60.17	0.0000	0.000	9562.500	172.5680	FI				
129	Spectrogram 1	1	172.875234772	172.875234772	20406.417	20406.417	20437.500	20437.500	-70.05	0.0000	0.000	20437.500	172.8747	FF				
130	Spectrogram 1	1	173.336474142	173.665173464	7957.219	20149.733	14812.500	14625.000	-70.25	0.3287	12192.514	14812.500	173.5573		SA	A	0	SB
131	Spectrogram 1	1	173.394791764	173.394791764	8855.615	8855.615	8812.500	8812.500	-72.79	0.0000	0.000	8812.500	173.3947	FI				
132	Spectrogram 1	1	173.649268658	173.649268658	19764.706	19764.706	19687.500	19687.500	-81.31	0.0000	0.000	19687.500	173.6480	FF				
133	Spectrogram 1	1	175.886399257	176.331733821	7828.877	21176.471	15750.000	13687.500	-69.51	0.4453	13347.594	15750.000	176.2080		SA	A	0	SB
134	Spectrogram 1	1	175.907605665	175.907605665	8470.588	8470.588	8437.500	8437.500	-77.65	0.0000	0.000	8437.500	175.9067	FI				
135	Spectrogram 1	1	176.326432219	176.326432219	20791.444	20791.444	20812.500	20812.500	-68.77	0.0000	0.000	20812.500	176.3253	FF				
136	Spectrogram 1	1	178.180436218	178.450817918	8085.561	21304.813	15562.500	14812.500	-71.37	0.2704	13219.252	15562.500	178.3360		SA	A	0	SB
137	Spectrogram 1	1	178.191039422	178.191039422	9112.299	9112.299	9187.500	9187.500	-81.25	0.0000	0.000	9187.500	178.1920	FI				
138	Spectrogram 1	1	178.429611510	178.429611510	20791.444	20791.444	20812.500	20812.500	-75.90	0.0000	0.000	20812.500	178.4293	FF				
139	Spectrogram 1	1	177.353386313	177.597260003	8470.588	20534.759	14625.000	13875.000	-71.59	0.2439	12064.171	14625.000	177.4827		SA	A	0	SB
140	Spectrogram 1	1	177.363989517	177.363989517	9240.642	9240.642	9187.500	9187.500	-88.94	0.0000	0.000	9187.500	177.3627	FI				
141	Spectrogram 1	1	177.576053595	177.576053595	19636.364	19636.364	19687.500	19687.500	-72.37	0.0000	0.000	19687.500	177.5760	FF				
142	Spectrogram 1	1	180.228057026	180.546153143	7700.535	21689.840	12187.500	12750.000	-72.67	0.3181	13989.305	12187.500	180.3733		SA	A	0	SB
143	Spectrogram 1	1	180.238660230	180.238660230	8598.930	8598.930	8625.000	8625.000	-66.18	0.0000	0.000	8625.000	180.2373	FI				
144	Spectrogram 1	1	180.535549939	180.535549939	20663.102	20663.102	20625.000	20625.000	-76.00	0.0000	0.000	20625.000	180.5360	FF				
145	Spectrogram 1	1	180.933170086	181.150535766	7572.193	20278.075	14062.500	12187.500	-72.80	0.2174	12705.882	14062.500	181.0747		SA	A	0	SB
146	Spectrogram 1	1	180.954376494	180.954376494	8213.904	8213.904	8250.000	8250.000	-70.73	0.0000	0.000	8250.000	180.9547	FI				
147	Spectrogram 1	1	181.139932562	181.139932562	19636.364	19636.364	19687.500	19687.500	-72.57	0.0000	0.000	19687.500	181.1387	FF				
148	Spectrogram 1	1	185.748132621	186.092736748	8213.904	20791.444	15562.500	15187.500	-72.27	0.3446	12577.540	15562.500	185.9920		SA	A	0	SB
149	Spectrogram 1	1	185.774640631	185.774640631	9368.984	9368.984	9375.000	9375.000	-65.74	0.0000	0.000	9375.000	185.7733	FI				
150	Spectrogram 1	1	186.082133544	186.082133544	19893.048	19893.048	19875.000	19875.000	-68.75	0.0000	0.000	19875.000	186.0827	FF				
151	Spectrogram 1	1	187.107536485	187.377918185	10395.722	21433.155	13500.000	13500.000	-67.98	0.2704	11037.433	13500.000	187.2267		SA	A	0	SB
152	Spectrogram 1	1	187.123441291	187.123441291	11422.460	11422.460	11437.500	11437.500	-62.22	0.0000	0.000	11437.500	187.1227	FI				
153	Spectrogram 1	1	187.362013379	187.362013379	20663.102	20663.102	20625.000	20625.000	-76.31	0.0000	0.000	20625.000	187.3627	FF				
154	Spectrogram 1	1	188.204968090	188.597286635	7443.850	18737.968	8812.500	11062.500	-73.24	0.3923	11294.118	8812.500	188.5920		SA	A	0	SB
155	Spectrogram 1	1	188.247380906	188.247380906	7957.219	7957.219	7875.000	7875.000	-70.94	0.0000	0.000	7875.000	188.2480	FI				
156	Spectrogram 1	1	188.565477023	188.565477023	18096.257	18096.257	18187.500	18187.500	-86.54	0.0000	0.000	18187.500	188.5653	FF				
157	Spectrogram 1	1	187.287790952	187.775538332	5518.717	9240.642	7687.500	7312.500	-71.30	0.4877	3721.925	7687.500	187.6480		SA	A	0	SB
158	Spectrogram 1	1	187.324902166	187.324902166	6032.086	6032.086	6000.000	6000.000	-68.44	0.0000	0.000	6000.000	187.3253	FI				
159	Spectrogram 1	1	187.754331924	187.754331924	8727.273	8727.273	8812.500	8812.500	-65.90	0.0000	0.000	8812.500	187.7547	FF				
160	Spectrogram 1	1	189.449290631	189.709069126	7700.535	18609.626	12937.500	13500.000	-73.62	0.2598	10909.091	12937.500	189.5840		SA	A	0	SB
161	Spectrogram 1	1	189.465195436	189.465195436	8470.588	8470.588	8437.500	8437.500	-93.38	0.0000	0.000	8437.500	189.4640	FI				
162	Spectrogram 1	1	189.693164320	189.693164320	17711.230	17711.230	17625.000	17625.000	-81.71	0.0000	0.000	17625.000	189.6933	FF				
163	Spectrogram 1	1	196.413594338	196.752896863	8983.957	21561.497	13500.000	13500.000	-70.94	0.3393	12577.540	13500.000	196.5813		SA	A	0	SB
164	Spectrogram 1	1	196.418895940	196.418895940	9368.984	9368.984	9375.000	9375.000	-73.98	0.0000	0.000	9375.000	196.4187	FI				
165	Spectrogram 1	1	196.736992058	196.736992058	20919.786	20919.786	21000.000	21000.000	-68.24	0.0000	0.000	21000.000	196.7360	FF				
166	Spectrogram 1	1	200.991389129	201.394310878	6930.481	19379.679	13125.000	13500.000	-71.01	0.4029	12449.198	13125.000	201.1600		SA	A	0	SB
167	Spectrogram 1	1	201.007293935	201.007293935	7700.535	7700.535	7687.500	7687.500	-76.50	0.0000	0.000	7687.500	201.0080	FI				
168	Spectrogram 1	1	201.362501266	201.362501266	18866.310	18866.310	18937.500	18937.500	-68.85	0.0000	0.000	18937.500	201.3627	FF				
169	Spectrogram 1	1	202.693203357	203.096125105	7957.219	21048.128	15187.500	14062.500	-66.67	0.4029	13090.909	15187.500	202.9787		SA	A	0	SB
170	Spectrogram 1	1	202.725012968	202.725012968	8727.273	8727.273	8812.500	8812.500	-67.37	0.0000	0.000	8812.500	202.7253	FI				
171	Spectrogram 1	1	203.090823503	203.090823503	20149.733	20149.733	20062.500	20062.500	-83.02	0.0000	0.000	20062.500	203.0907	FF				
172	Spectrogram 1	1	204.313353363	204.650745245	8470.588	19764.706	11062.500	12000.000	-66.04	0.3374	11294.118	11062.500	204.3707		SA	A	0	SB
173	Spectrogram 1	1	204.328348558	204.328348558	9240.642	9240.642	9187.500	9187.500	-57.49	0.0000	0.000	9187.500	204.3280	FI				
174	Spectrogram 1	1	204.650745245	204.650745245	19251.337	19251.337	19312.500	19312.500	-78.19	0.0000	0.000	19312.500	204.6507	FF				
175	Spectrogram 1	1	205.486727354	205.887848814	5390.374	19122.995	12187.500	11437.500	-73.47	0.4011	13732.621	12187.500	205.8213		SA	A	0	SB
176	Spectrogram 1	1	205.509220146	205.509220146	5903.743	5903.743	5812.500	5812.500	-79.13	0.0000	0.000	5812.500	205.5093	FI				
177	Spectrogram 1	1	205.880351217	205.880351217	18352.941	18352.941	18375.000	18375.000	-91.25	0.0000	0.000	18375.000	205.8800	FF				
178	Spectrogram 1	1	206.247733489	206.592622969	8983.957	20791.444	12000.000	13687.500	-70.59	0.3449	11807.487	12000.000	206.3627		SA	A	0	SB
179	Spectrogram 1	1	206.277723878	206.277723878	9625.668	9625.668	9562.500	9562.500	-59.27	0.0000	0.000	9562.500	206.2773	FI				
180	Spectrogram 1	1	206.581376573	206.581376573	19893.048	19893.048	19875.000	19875.000	-72.12	0.0000	0.000	19875.000	206.5813	FF				
181	Spectrogram 1	1	208.609361711	208.879275217	4528.302	14878.706	9750.000	9750.000	-75.49	0.2699	10350.404	9750.000	208.7680		SA	A	0	SB
182	Spectrogram 1	1	208.635603302	208.635603302	5304.582	5304.582	5250.000	5250.000	-72.34	0.0000	0.000	5250.000	208.6347	FI				
183	Spectrogram 1	1	208.875526418	208.875526418	14231.806	14231.806	14250.000	14250.000	-75.45	0.0000	0.000	14250.000	208.8747	FF				
184	Spectrogram 1	1	209.385363040	209.557807780	8021.563	19277.628	13500.000	13312.500	-65.89	0.1724	11256.065	13500.000	209.4640		SA	A	0	SB
185	Spectrogram 1	1	209.392860638	209.392860638	9185.984	9185.984	9187.500	9187.500	-67.50	0.0000	0.000	9187.500	209.3920	FI				
186	Spectrogram 1	1	209.542812586	209.542812586	18224.599	18224.599	18187.500	18187.500	-67.79	0.0000	0.000	18187.500	209.5440	FF				
187	Spectrogram 1	1	210.622466609	211.042332063	5647.059	17839.572	10500.000	11062.500	-70.70	0.4199	12192.513	10500.000	210.8320		SA	A	0	SB
188	Spectrogram 1	1	210.652456999	210.652456999	6160.428	6160.428	6187.500	6187.500	-72.79	0.0000	0.000	6187.500	210.6533	FI				
189	Spectrogram 1	1	211.008592875	211.008592875	16941.176	16941.176	16875.000	16875.000	-79.90	0.0000	0.000	16875.000	211.0080	FF				
190	Spectrogram 1	1	213.777577740	214.204940792	8727.273	22588.235	12562.500	12937.500	-67.15	0.4274	13860.962	12562.500	213.8907		SA	A	0	SB
191	Spectrogram 1	1	213.792572935	213.792572935	9112.299	9112.299	9187.500	9187.500	-61.72	0.0000	0.000	9187.500	213.7920	FI				
192	Spectrogram 1	1	214.193694395	214.193694395	21818.182	21818.182	21750.000	21750.000	-70.65	0.0000	0.000	21750.000	214.1947	FF				
193	Spectrogram 1	1	217.851155517	218.181049803	8213.904	21433.155	12562.500	13312.500	-68.27	0.3299	13219.251	12562.500	217.9600		SA	A	0	SB
194	Spectrogram 1	1	217.866150712	217.866150712	9112.299	9112.299	9187.500	9187.500	-63.05	0.0000	0.000	9187.500	217.8667	FI				
195	Spectrogram 1	1	218.169803406	218.169803406	20791.444	20791.444	20812.500	20812.500	-66.20	0.0000	0.000	20812.500	218.1707	FF				
196	Spectrogram 1	1	218.582171263	218.893321554	8085.561	20791.444	17437.500	15562.500	-72.49	0.3112	12705.883	17437.500	218.8267		SA	A	0	SB
197	Spectrogram 1	1	218.623408048	218.623408048	8598.930	8598.930	8625.000	8625.000	-72.74	0.0000	0.000	8625.000	218.6240	FI				
198	Spectrogram 1	1	218.882075158	218.882075158	20149.733	20149.733	20062.500	20062.500	-60.96	0.0000	0.000	20062.500	218.8827	FF				
199	Spectrogram 1	1	220.314039623	220.681421895	9497.326	21561.497	13125.000	12562.500	-73.36	0.3674	12064.171	13125.000	220.4987		SA	A	0	SB
200	Spectrogram 1	1	220.340281213	220.340281213	10010.695	10010.695	9937.500	9937.500	-62.97	0.0000	0.000	9937.500	220.3413	FI				
201	Spectrogram 1	1	220.670175498	220.670175498	20534.759	20534.759	20625.000	20625.000	-69.78	0.0000	0.000	20625.000	220.6693	FF				
202	Spectrogram 1	1	224.361807538	224.650465037	8470.588	20406.417	11437.500	13500.000	-66.36	0.2887	11935.829	11437.500	224.4213		SA	A	0	SB
203	Spectrogram 1	1	224.384300330	224.384300330	9497.326	9497.326	9562.500	9562.500	-58.98	0.0000	0.000	9562.500	224.3840	FI				
204	Spectrogram 1	1	224.631721044	224.631721044	19893.048	19893.048	19875.000	19875.000	-62.56	0.0000	0.000	19875.000	224.6320	FF				
205	Spectrogram 1	1	225.440193727	225.987518336	5518.717	20278.075	9937.500	12375.000	-65.65	0.5473	14759.358	9937.500	225.6907		SA	A	0	SB
206	Spectrogram 1	1	225.458937720	225.458937720	6032.086	6032.086	6000.000	6000.000	-57.06	0.0000	0.000	6000.000	225.4587	FI				
207	Spectrogram 1	1	225.980020739	225.980020739	19636.364	19636.364	19687.500	19687.500	-65.63	0.0000	0.000	19687.500	225.9813	FF				
208	Spectrogram 1	1	231.565151211	231.966272671	8213.904	21689.840	12562.500	12562.500	-70.40	0.4011	13475.936	12562.500	231.6853		SA	A	0	SB
209	Spectrogram 1	1	231.587644003	231.587644003	8855.615	8855.615	8812.500	8812.500	-62.42	0.0000	0.000	8812.500	231.5867	FI				
210	Spectrogram 1	1	231.951277476	231.951277476	21176.471	21176.471	21187.500	21187.500	-75.47	0.0000	0.000	21187.500	231.9520	FF				
211	Spectrogram 1	1	238.859706534	239.287069585	8598.930	20534.759	15562.500	13500.000	-69.55	0.4274	11935.829	15562.500	239.1520		SA	A	0	SB
212	Spectrogram 1	1	238.897194521	238.897194521	9368.984	9368.984	9375.000	9375.000	-67.11	0.0000	0.000	9375.000	238.8960	FI				
213	Spectrogram 1	1	239.275823189	239.275823189	20021.390	20021.390	20062.500	20062.500	-61.60	0.0000	0.000	20062.500	239.2747	FF				
214	Spectrogram 1	1	242.572563531	243.022419374	8598.930	20919.786	9000.000	14812.500	-72.82	0.4499	12320.856	9000.000	243.0213		SA	A	0	SB
215	Spectrogram 1	1	242.591307525	242.591307525	9497.326	9497.326	9562.500	9562.500	-63.85	0.0000	0.000	9562.500	242.5920	FI				
216	Spectrogram 1	1	243.011172978	243.011172978	19379.679	19379.679	19312.500	19312.500	-71.94	0.0000	0.000	19312.500	243.0107	FF				
217	Spectrogram 1	1	248.309329128	248.654218608	8598.930	20663.102	13312.500	13500.000	-70.15	0.3449	12064.172	13312.500	248.4587		SA	A	0	SB
218	Spectrogram 1	1	248.331821920	248.331821920	9240.642	9240.642	9187.500	9187.500	-83.14	0.0000	0.000	9187.500	248.3307	FI				
219	Spectrogram 1	1	248.639223413	248.639223413	20021.390	20021.390	20062.500	20062.500	-72.96	0.0000	0.000	20062.500	248.6400	FF				
220	Spectrogram 1	1	252.443723789	252.796110867	9112.299	20791.444	15000.000	14437.500	-71.15	0.3524	11679.145	15000.000	252.6773		SA	A	0	SB
221	Spectrogram 1	1	252.458718984	252.458718984	9497.326	9497.326	9562.500	9562.500	-62.35	0.0000	0.000	9562.500	252.4587	FI				
222	Spectrogram 1	1	252.773618074	252.773618074	20149.733	20149.733	20062.500	20062.500	-80.14	0.0000	0.000	20062.500	252.7733	FF				
223	Spectrogram 1	1	253.733310540	254.141929598	8598.930	20791.444	14812.500	13500.000	-70.65	0.4086	12192.514	14812.500	253.9680		SA	A	0	SB
224	Spectrogram 1	1	253.748305735	253.748305735	9497.326	9497.326	9562.500	9562.500	-60.51	0.0000	0.000	9562.500	253.7493	FI				
225	Spectrogram 1	1	254.115688007	254.115688007	20149.733	20149.733	20062.500	20062.500	-65.41	0.0000	0.000	20062.500	254.1147	FF				
226	Spectrogram 1	1	275.262059186	275.565711880	6032.086	17197.861	13312.500	13312.500	-70.46	0.3037	11165.775	13312.500	275.4187		SA	A	0	SB
227	Spectrogram 1	1	275.277054380	275.277054380	6545.455	6545.455	6562.500	6562.500	-73.31	0.0000	0.000	6562.500	275.2773	FI				
228	Spectrogram 1	1	275.531972691	275.531972691	16941.176	16941.176	16875.000	16875.000	-56.63	0.0000	0.000	16875.000	275.5307	FF				
229	Spectrogram 1	1	287.593622585	288.035980830	8727.273	19764.706	15000.000	14250.000	-77.70	0.4424	11037.433	15000.000	287.8213		SA	A	0	SB
230	Spectrogram 1	1	287.623612974	287.623612974	9368.984	9368.984	9375.000	9375.000	-68.38	0.0000	0.000	9375.000	287.6240	FI				
231	Spectrogram 1	1	288.013488038	288.013488038	18866.310	18866.310	18937.500	18937.500	-78.10	0.0000	0.000	18937.500	288.0133	FF				
232	Spectrogram 1	1	295.671225264	296.061100328	5775.401	16941.176	12750.000	12750.000	-71.70	0.3899	11165.775	12750.000	295.8347		SA	A	0	SB
233	Spectrogram 1	1	295.693718056	295.693718056	7315.508	7315.508	7312.500	7312.500	-63.29	0.0000	0.000	7312.500	295.6933	FI				
234	Spectrogram 1	1	296.038607536	296.038607536	16556.150	16556.150	16500.000	16500.000	-73.33	0.0000	0.000	16500.000	296.0373	FF				
235	Spectrogram 1	1	298.103711862	298.463596536	4491.979	17069.519	10500.000	10875.000	-68.01	0.3599	12577.540	10500.000	298.3093		SA	A	0	SB
236	Spectrogram 1	1	298.118707057	298.118707057	5518.717	5518.717	5437.500	5437.500	-78.95	0.0000	0.000	5437.500	298.1200	FI				
237	Spectrogram 1	1	298.437354945	298.437354945	16556.150	16556.150	16500.000	16500.000	-62.66	0.0000	0.000	16500.000	298.4373	FF				
238	Spectrogram 1	1	310.271569971	310.728923412	5518.717	16812.834	12937.500	11812.500	-77.62	0.4574	11294.117	12937.500	310.6373		SA	A	0	SB
239	Spectrogram 1	1	310.294062763	310.294062763	6160.428	6160.428	6187.500	6187.500	-68.80	0.0000	0.000	6187.500	310.2933	FI				
240	Spectrogram 1	1	310.713928217	310.713928217	16299.465	16299.465	16312.500	16312.500	-70.00	0.0000	0.000	16312.500	310.7147	FF				
241	Spectrogram 1	1	311.414953573	311.954780585	4748.663	19122.995	4875.000	10125.000	-76.16	0.5398	14374.332	4875.000	311.6053		SA	A	0	SB
242	Spectrogram 1	1	311.433697566	311.433697566	5518.717	5518.717	5437.500	5437.500	-86.82	0.0000	0.000	5437.500	311.4347	FI				
243	Spectrogram 1	1	311.943534189	311.943534189	18352.941	18352.941	18375.000	18375.000	-68.73	0.0000	0.000	18375.000	311.9440	FF				
244	Spectrogram 1	1	311.946004187	312.324632855	6930.481	17069.519	12375.000	12000.000	-75.16	0.3786	10139.038	12375.000	312.1947		SA	A	0	SB
245	Spectrogram 1	1	311.975994576	311.975994576	7572.193	7572.193	7500.000	7500.000	-86.94	0.0000	0.000	7500.000	311.9760	FI				
246	Spectrogram 1	1	312.309637660	312.309637660	16042.781	16042.781	16125.000	16125.000	-73.09	0.0000	0.000	16125.000	312.3093	FF				
247	Spectrogram 1	1	320.568421069	320.789600192	6032.086	15401.070	10312.500	10312.500	-72.39	0.2212	9368.984	10312.500	320.7067		SA	A	0	SB
248	Spectrogram 1	1	320.579667465	320.579667465	6545.455	6545.455	6562.500	6562.500	-81.09	0.0000	0.000	6562.500	320.5787	FI				
249	Spectrogram 1	1	320.770856199	320.770856199	14887.701	14887.701	14812.500	14812.500	-71.92	0.0000	0.000	14812.500	320.7707	FF				
250	Spectrogram 1	1	331.721632162	332.002792064	9240.642	20663.102	10875.000	14812.500	-74.92	0.2812	11422.460	10875.000	331.7493		SA	A	0	SB
251	Spectrogram 1	1	331.744124955	331.744124955	10395.722	10395.722	10312.500	10312.500	-71.68	0.0000	0.000	10312.500	331.7440	FI				
252	Spectrogram 1	1	331.987796870	331.987796870	19508.021	19508.021	19500.000	19500.000	-63.69	0.0000	0.000	19500.000	331.9867	FF				
253	Spectrogram 1	1	335.478638638	335.823528118	9754.011	15144.385	11625.000	11437.500	-68.87	0.3449	5390.374	11625.000	335.6827		SA	A	0	SB
254	Spectrogram 1	1	335.497382632	335.497382632	10139.037	10139.037	10125.000	10125.000	-67.39	0.0000	0.000	10125.000	335.4987	FI				
255	Spectrogram 1	1	335.812281722	335.812281722	14117.647	14117.647	14062.500	14062.500	-59.37	0.0000	0.000	14062.500	335.8133	FF				
256	Spectrogram 1	1	337.328829180	337.703709050	8470.588	15016.043	11062.500	11437.500	-69.30	0.3749	6545.455	11062.500	337.4933		SA	A	0	SB
257	Spectrogram 1	1	337.355070771	337.355070771	9240.642	9240.642	9187.500	9187.500	-67.37	0.0000	0.000	9187.500	337.3547	FI				
258	Spectrogram 1	1	337.699960251	337.699960251	14245.989	14245.989	14250.000	14250.000	-67.97	0.0000	0.000	14250.000	337.6987	FF				
259	Spectrogram 1	1	337.969873757	338.341004828	9240.642	21304.813	15187.500	13500.000	-74.64	0.3711	12064.171	15187.500	338.2320		SA	A	0	SB
260	Spectrogram 1	1	337.992366549	337.992366549	9882.353	9882.353	9937.500	9937.500	-74.82	0.0000	0.000	9937.500	337.9920	FI				
261	Spectrogram 1	1	338.333507230	338.333507230	20278.075	20278.075	20250.000	20250.000	-75.92	0.0000	0.000	20250.000	338.3333	FF				
262	Spectrogram 1	1	339.010760993	339.539341609	4620.321	16684.492	10687.500	10500.000	-69.56	0.5286	12064.171	10687.500	339.3573		SA	A	0	SB
263	Spectrogram 1	1	339.033253786	339.033253786	5518.717	5518.717	5437.500	5437.500	-68.97	0.0000	0.000	5437.500	339.0320	FI				
264	Spectrogram 1	1	339.509351220	339.509351220	15657.754	15657.754	15750.000	15750.000	-74.87	0.0000	0.000	15750.000	339.5093	FF				
265	Spectrogram 1	1	339.955458264	340.412811705	6032.086	17967.914	11250.000	10875.000	-70.24	0.4574	11935.828	11250.000	340.2693		SA	A	0	SB
266	Spectrogram 1	1	339.985448654	339.985448654	6545.455	6545.455	6562.500	6562.500	-69.47	0.0000	0.000	6562.500	339.9867	FI				
267	Spectrogram 1	1	340.401565309	340.401565309	17069.519	17069.519	17062.500	17062.500	-84.14	0.0000	0.000	17062.500	340.4027	FF				
268	Spectrogram 1	1	345.794233730	346.176611196	9240.642	20919.786	14437.500	14250.000	-71.07	0.3824	11679.144	14437.500	346.0107		SA	A	0	SB
269	Spectrogram 1	1	345.812977723	345.812977723	10010.695	10010.695	9937.500	9937.500	-62.27	0.0000	0.000	9937.500	345.8133	FI				
270	Spectrogram 1	1	346.169113599	346.169113599	20406.417	20406.417	20437.500	20437.500	-77.12	0.0000	0.000	20437.500	346.1680	FF				
271	Spectrogram 1	1	346.502756683	346.903878143	8342.246	15272.727	11062.500	11250.000	-72.82	0.4011	6930.481	11062.500	346.6613		SA	A	0	SB
272	Spectrogram 1	1	346.532747072	346.532747072	9368.984	9368.984	9375.000	9375.000	-76.55	0.0000	0.000	9375.000	346.5333	FI				
273	Spectrogram 1	1	346.885134150	346.885134150	15016.043	15016.043	15000.000	15000.000	-64.57	0.0000	0.000	15000.000	346.8853	FF				
274	Spectrogram 1	1	342.964674972	343.418279614	8598.930	18994.652	14812.500	13875.000	-69.28	0.4536	10395.722	14812.500	343.3280		SA	A	0	SB
275	Spectrogram 1	1	342.979670166	342.979670166	9240.642	9240.642	9187.500	9187.500	-64.89	0.0000	0.000	9187.500	342.9787	FI				
276	Spectrogram 1	1	343.395786821	343.395786821	18352.941	18352.941	18375.000	18375.000	-58.03	0.0000	0.000	18375.000	343.3947	FF				
277	Spectrogram 1	1	352.431761708	352.836631967	10395.722	18481.283	13500.000	13875.000	-78.60	0.4049	8085.561	13500.000	352.5440		SA	A	0	SB
278	Spectrogram 1	1	352.446756902	352.446756902	11165.775	11165.775	11250.000	11250.000	-66.69	0.0000	0.000	11250.000	352.4480	FI				
279	Spectrogram 1	1	352.817887973	352.817887973	17326.203	17326.203	17250.000	17250.000	-78.93	0.0000	0.000	17250.000	352.8187	FF				
280	Spectrogram 1	1	353.482223129	354.029547738	5390.374	22203.209	13875.000	13875.000	-65.50	0.5473	16812.835	13875.000	353.8027		SA	A	0	SB
281	Spectrogram 1	1	353.504715921	353.504715921	6032.086	6032.086	6000.000	6000.000	-66.41	0.0000	0.000	6000.000	353.5040	FI				
282	Spectrogram 1	1	354.022050141	354.022050141	21561.497	21561.497	21562.500	21562.500	-83.58	0.0000	0.000	21562.500	354.0213	FF				
283	Spectrogram 1	1	363.503346301	363.994438930	5903.743	22203.209	10687.500	10687.500	-64.60	0.4911	16299.466	10687.500	363.7547		SA	A	0	SB
284	Spectrogram 1	1	363.522090294	363.522090294	6288.770	6288.770	6375.000	6375.000	-66.32	0.0000	0.000	6375.000	363.5227	FI				
285	Spectrogram 1	1	363.986941332	363.986941332	21048.128	21048.128	21000.000	21000.000	-75.96	0.0000	0.000	21000.000	363.9867	FF				
286	Spectrogram 1	1	367.002521772	367.381150440	7058.824	20149.733	9000.000	11250.000	-75.56	0.3786	13090.909	9000.000	367.1493		SA	A	0	SB
287	Spectrogram 1	1	367.025014564	367.025014564	7700.535	7700.535	7687.500	7687.500	-81.28	0.0000	0.000	7687.500	367.0240	FI				
288	Spectrogram 1	1	367.366155245	367.366155245	19379.679	19379.679	19312.500	19312.500	-73.27	0.0000	0.000	19312.500	367.3653	FF				
289	Spectrogram 1	1	368.543278035	368.876921119	7957.219	21689.840	14250.000	13875.000	-74.54	0.3336	13732.621	14250.000	368.7440		SA	A	0	SB
290	Spectrogram 1	1	368.565770827	368.565770827	8213.904	8213.904	8250.000	8250.000	-67.49	0.0000	0.000	8250.000	368.5653	FI				
291	Spectrogram 1	1	368.850679528	368.850679528	21048.128	21048.128	21000.000	21000.000	-85.32	0.0000	0.000	21000.000	368.8507	FF				
292	Spectrogram 1	1	368.247122939	368.603258814	10524.064	19379.679	16875.000	15937.500	-77.24	0.3561	8855.615	16875.000	368.4133		SA	A	0	SB
293	Spectrogram 1	1	368.262118133	368.262118133	10909.091	10909.091	10875.000	10875.000	-78.58	0.0000	0.000	10875.000	368.2613	FI				
294	Spectrogram 1	1	368.588263620	368.588263620	17967.914	17967.914	18000.000	18000.000	-74.75	0.0000	0.000	18000.000	368.5893	FF				
295	Spectrogram 1	1	369.308032969	369.739144819	5775.401	15914.439	11437.500	11062.500	-72.87	0.4311	10139.038	11437.500	369.6347		SA	A	0	SB
296	Spectrogram 1	1	369.341772157	369.341772157	6417.112	6417.112	6375.000	6375.000	-72.72	0.0000	0.000	6375.000	369.3413	FI				
297	Spectrogram 1	1	369.712903228	369.712903228	15144.385	15144.385	15187.500	15187.500	-88.53	0.0000	0.000	15187.500	369.7120	FF				
298	Spectrogram 1	1	372.184907857	372.544792532	5262.032	14245.989	12187.500	11437.500	-70.49	0.3599	8983.957	12187.500	372.4747		SA	A	0	SB
299	Spectrogram 1	1	372.203651850	372.203651850	6417.112	6417.112	6375.000	6375.000	-74.16	0.0000	0.000	6375.000	372.2027	FI				
300	Spectrogram 1	1	372.518550941	372.518550941	13475.936	13475.936	13500.000	13500.000	-61.45	0.0000	0.000	13500.000	372.5173	FF				
301	Spectrogram 1	1	376.837483810	377.219861277	9882.353	20791.444	14437.500	13500.000	-74.06	0.3824	10909.091	14437.500	377.0267		SA	A	0	SB
302	Spectrogram 1	1	376.852479005	376.852479005	10652.406	10652.406	10687.500	10687.500	-68.48	0.0000	0.000	10687.500	376.8533	FI				
303	Spectrogram 1	1	377.189870887	377.189870887	20278.075	20278.075	20250.000	20250.000	-96.67	0.0000	0.000	20250.000	377.1893	FF				
304	Spectrogram 1	1	378.612692895	379.073795135	6545.455	17197.861	11812.500	11625.000	-76.62	0.4611	10652.406	11812.500	378.9440		SA	A	0	SB
305	Spectrogram 1	1	378.635668812	378.635668812	6900.000	6900.000	6937.500	6937.500	-73.09	0.0000	0.000	6937.500	378.6347	FI				
306	Spectrogram 1	1	379.055051141	379.055051141	16684.492	16684.492	16687.500	16687.500	-64.82	0.0000	0.000	16687.500	379.0560	FF				
307	Spectrogram 1	1	380.894804131	381.381444679	6000.000	18450.000	11437.500	10500.000	-77.73	0.4866	12450.000	11437.500	381.1920		SA	A	0	SB
308	Spectrogram 1	1	380.927246834	380.927246834	6750.000	6750.000	6750.000	6750.000	-62.75	0.0000	0.000	6750.000	380.9280	FI				
309	Spectrogram 1	1	381.361979057	381.361979057	17250.000	17250.000	17250.000	17250.000	-71.34	0.0000	0.000	17250.000	381.3627	FF				
310	Spectrogram 1	1	382.870776493	383.337951419	4800.000	17250.000	6187.500	9750.000	-76.54	0.4672	12450.000	6187.500	383.2027		SA	A	0	SB
311	Spectrogram 1	1	382.870776493	382.870776493	5400.000	5400.000	5437.500	5437.500	-84.16	0.0000	0.000	5437.500	382.8720	FI				
312	Spectrogram 1	1	383.318485797	383.318485797	16950.000	16950.000	16875.000	16875.000	-86.38	0.0000	0.000	16875.000	383.3173	FF				
313	Spectrogram 1	1	388.680379082	389.135948953	8850.000	20700.000	13500.000	13312.500	-74.79	0.4556	11850.000	13500.000	388.8987		SA	A	0	SB
314	Spectrogram 1	1	388.719803398	388.719803398	9750.000	9750.000	9750.000	9750.000	-61.39	0.0000	0.000	9750.000	388.7200	FI				
315	Spectrogram 1	1	389.118427035	389.118427035	19650.000	19650.000	19687.500	19687.500	-83.84	0.0000	0.000	19687.500	389.1173	FF				
316	Spectrogram 1	1	401.003763311	401.481235580	7050.000	20850.000	8812.500	12375.000	-75.21	0.4775	13800.000	8812.500	401.1227		SA	A	0	SB
317	Spectrogram 1	1	401.025665709	401.025665709	8100.000	8100.000	8062.500	8062.500	-77.93	0.0000	0.000	8062.500	401.0267	FI				
318	Spectrogram 1	1	401.463713662	401.463713662	19800.000	19800.000	19875.000	19875.000	-74.21	0.0000	0.000	19875.000	401.4640	FF				
319	Spectrogram 1	1	415.145151383	415.556916459	4950.000	16200.000	12562.500	10500.000	-75.32	0.4118	11250.000	12562.500	415.5200		SA	A	0	SB
320	Spectrogram 1	1	415.153912342	415.153912342	6150.000	6150.000	6187.500	6187.500	-75.97	0.0000	0.000	6187.500	415.1547	FI				
321	Spectrogram 1	1	415.548155500	415.548155500	14850.000	14850.000	14812.500	14812.500	-68.59	0.0000	0.000	14812.500	415.5493	FF				
322	Spectrogram 1	1	416.801019581	417.331057605	5100.000	19500.000	9375.000	10312.500	-64.30	0.5300	14400.000	9375.000	417.0507		SA	A	0	SB
323	Spectrogram 1	1	416.818541500	416.818541500	6000.000	6000.000	6000.000	6000.000	-75.88	0.0000	0.000	6000.000	416.8187	FI				
324	Spectrogram 1	1	417.322296646	417.322296646	18600.000	18600.000	18562.500	18562.500	-68.77	0.0000	0.000	18562.500	417.3227	FF				
325	Spectrogram 1	1	418.662990958	419.162365625	4800.000	21750.000	14812.500	11062.500	-66.34	0.4994	16950.000	14812.500	419.0107		SA	A	0	SB
326	Spectrogram 1	1	418.689273835	418.689273835	6000.000	6000.000	6000.000	6000.000	-63.59	0.0000	0.000	6000.000	418.6880	FI				
327	Spectrogram 1	1	419.149224186	419.149224186	20400.000	20400.000	20437.500	20437.500	-64.04	0.0000	0.000	20437.500	419.1493	FF				
328	Spectrogram 1	1	403.864473055	404.328803885	7500.000	20700.000	14812.500	14062.500	-76.71	0.4643	13200.000	14812.500	404.1707		SA	A	0	SB
329	Spectrogram 1	1	403.877614494	403.877614494	8400.000	8400.000	8437.500	8437.500	-78.94	0.0000	0.000	8437.500	403.8773	FI				
330	Spectrogram 1	1	404.315662447	404.315662447	19800.000	19800.000	19875.000	19875.000	-64.66	0.0000	0.000	19875.000	404.3147	FF				
331	Spectrogram 1	1	405.848973721	406.199412083	8550.000	19800.000	10875.000	13312.500	-75.02	0.3504	11250.000	10875.000	406.0400		SA	A	0	SB
332	Spectrogram 1	1	405.862115160	405.862115160	10050.000	10050.000	10125.000	10125.000	-77.43	0.0000	0.000	10125.000	405.8613	FI				
333	Spectrogram 1	1	406.155607288	406.155607288	19350.000	19350.000	19312.500	19312.500	-72.26	0.0000	0.000	19312.500	406.1547	FF				
334	Spectrogram 1	1	421.699761633	422.221038697	6000.000	30750.000	9562.500	10500.000	-79.69	0.5213	24750.000	9562.500	421.9840		SA	A	0	SB
335	Spectrogram 1	1	421.721664030	421.721664030	6450.000	6450.000	6375.000	6375.000	-70.30	0.0000	0.000	6375.000	421.7227	FI				
336	Spectrogram 1	1	422.207897258	422.207897258	30150.000	30150.000	30187.500	30187.500	-85.40	0.0000	0.000	30187.500	422.2080	FF				
337	Spectrogram 1	1	441.588803421	442.022470894	8850.000	23100.000	16875.000	15375.000	-74.81	0.4337	14250.000	16875.000	441.7413		SA	A	0	SB
338	Spectrogram 1	1	441.606325339	441.606325339	9750.000	9750.000	9750.000	9750.000	-73.27	0.0000	0.000	9750.000	441.6053	FI				
339	Spectrogram 1	1	442.009329456	442.009329456	22500.000	22500.000	22500.000	22500.000	-69.42	0.0000	0.000	22500.000	442.0107	FF				
340	Spectrogram 1	1	446.079177059	446.517225012	5850.000	22200.000	17062.500	14812.500	-73.30	0.4380	16350.000	17062.500	446.4453		SA	A	0	SB
341	Spectrogram 1	1	446.101079456	446.101079456	6450.000	6450.000	6375.000	6375.000	-92.83	0.0000	0.000	6375.000	446.1013	FI				
342	Spectrogram 1	1	446.508464053	446.508464053	20700.000	20700.000	20625.000	20625.000	-82.65	0.0000	0.000	20625.000	446.5093	FF				
343	Spectrogram 1	1	446.985936322	447.507213386	6450.000	23700.000	11625.000	11812.500	-72.08	0.5213	17250.000	11625.000	447.1573		SA	A	0	SB
344	Spectrogram 1	1	447.003458240	447.003458240	7350.000	7350.000	7312.500	7312.500	-72.66	0.0000	0.000	7312.500	447.0027	FI				
345	Spectrogram 1	1	447.498452427	447.498452427	22800.000	22800.000	22875.000	22875.000	-79.32	0.0000	0.000	22875.000	447.4987	FF				
346	Spectrogram 1	1	451.616467375	452.124603001	6300.000	20250.000	9187.500	9187.500	-70.14	0.5081	13950.000	9187.500	451.8107		SA	A	0	SB
347	Spectrogram 1	1	451.638369773	451.638369773	7050.000	7050.000	7125.000	7125.000	-64.90	0.0000	0.000	7125.000	451.6373	FI				
348	Spectrogram 1	1	452.115842041	452.115842041	19350.000	19350.000	19312.500	19312.500	-73.86	0.0000	0.000	19312.500	452.1147	FF				
349	Spectrogram 1	1	454.047840448	454.433322646	8700.000	19500.000	13875.000	13875.000	-77.04	0.3855	10800.000	13875.000	454.2347		SA	A	0	SB
350	Spectrogram 1	1	454.065362366	454.065362366	9150.000	9150.000	9187.500	9187.500	-70.44	0.0000	0.000	9187.500	454.0667	FI				
351	Spectrogram 1	1	454.420181208	454.420181208	19200.000	19200.000	19125.000	19125.000	-65.33	0.0000	0.000	19125.000	454.4213	FF				
352	Spectrogram 1	1	460.921403255	461.381353605	5100.000	15900.000	12562.500	11437.500	-70.49	0.4600	10800.000	12562.500	461.3173		SA	A	0	SB
353	Spectrogram 1	1	460.938925173	460.938925173	5550.000	5550.000	5625.000	5625.000	-72.83	0.0000	0.000	5625.000	460.9387	FI				
354	Spectrogram 1	1	461.359451208	461.359451208	14850.000	14850.000	14812.500	14812.500	-69.08	0.0000	0.000	14812.500	461.3600	FF				
355	Spectrogram 1	1	465.470306634	466.077612023	4558.659	22391.061	10125.000	9375.000	-68.98	0.6073	17832.402	10125.000	465.7493		SA	A	0	SB
356	Spectrogram 1	1	465.507794621	465.507794621	6033.520	6033.520	6000.000	6000.000	-65.03	0.0000	0.000	6000.000	465.5067	FI				
357	Spectrogram 1	1	466.058868029	466.058868029	20916.201	20916.201	21000.000	21000.000	-89.31	0.0000	0.000	21000.000	466.0587	FF				
358	Spectrogram 1	1	466.902317000	467.254704077	6703.911	19843.575	13687.500	13500.000	-72.84	0.3524	13139.664	13687.500	467.0933		SA	A	0	SB
359	Spectrogram 1	1	466.924809792	466.924809792	7508.380	7508.380	7500.000	7500.000	-75.25	0.0000	0.000	7500.000	466.9253	FI				
360	Spectrogram 1	1	467.250955278	467.250955278	18502.793	18502.793	18562.500	18562.500	-87.63	0.0000	0.000	18562.500	467.2507	FF				
361	Spectrogram 1	1	480.745023297	481.232367127	6167.598	20782.123	11812.500	11062.500	-69.45	0.4873	14614.525	11812.500	480.9680		SA	A	0	SB
362	Spectrogram 1	1	480.767516089	480.767516089	6569.832	6569.832	6562.500	6562.500	-53.86	0.0000	0.000	6562.500	480.7680	FI				
363	Spectrogram 1	1	481.224869529	481.224869529	19977.654	19977.654	20062.500	20062.500	-72.59	0.0000	0.000	20062.500	481.2240	FF				
364	Spectrogram 1	1	482.139122750	482.607722586	6435.754	19977.654	10125.000	10125.000	-69.86	0.4686	13541.900	10125.000	482.3520		SA	A	0	SB
365	Spectrogram 1	1	482.165364341	482.165364341	7240.223	7240.223	7312.500	7312.500	-69.37	0.0000	0.000	7312.500	482.1653	FI				
366	Spectrogram 1	1	482.588978593	482.588978593	18636.872	18636.872	18562.500	18562.500	-65.47	0.0000	0.000	18562.500	482.5893	FF				
367	Spectrogram 1	1	486.499292404	486.960394644	6033.520	23061.453	19687.500	16125.000	-73.36	0.4611	17027.933	19687.500	486.8560		SA	A	0	SB
368	Spectrogram 1	1	486.514287599	486.514287599	6837.989	6837.989	6750.000	6750.000	-75.27	0.0000	0.000	6750.000	486.5147	FI				
369	Spectrogram 1	1	486.945399449	486.945399449	22256.983	22256.983	22312.500	22312.500	-70.90	0.0000	0.000	22312.500	486.9467	FF				
370	Spectrogram 1	1	378.078744769	378.528600612	5765.363	16491.620	11625.000	11250.000	-75.83	0.4499	10726.257	11625.000	378.4080		SA	A	0	SB
371	Spectrogram 1	1	378.116232756	378.116232756	6435.754	6435.754	6375.000	6375.000	-73.10	0.0000	0.000	6375.000	378.1173	FI				
372	Spectrogram 1	1	378.521103015	378.521103015	14346.369	14346.369	14437.500	14437.500	-95.48	0.0000	0.000	14437.500	378.5200	FF				
373	Spectrogram 1	1	482.806955793	483.328038812	5631.285	22203.209	10125.000	11812.500	-76.08	0.5211	16571.924	10125.000	482.9013		SA	A	0	SB
374	Spectrogram 1	1	482.829448585	482.829448585	6167.598	6167.598	6187.500	6187.500	-78.46	0.0000	0.000	6187.500	482.8293	FI				
375	Spectrogram 1	1	483.301797221	483.301797221	21318.436	21318.436	21375.000	21375.000	-102.01	0.0000	0.000	21375.000	483.3013	FF				
376	Spectrogram 1	1	495.983201062	496.504284081	6032.086	17069.519	15187.500	13500.000	-70.23	0.5211	11037.433	15187.500	496.3520		SA	A	0	SB
377	Spectrogram 1	1	496.001945056	496.001945056	6545.455	6545.455	6562.500	6562.500	-70.11	0.0000	0.000	6562.500	496.0027	FI				
378	Spectrogram 1	1	496.478042490	496.478042490	16556.150	16556.150	16500.000	16500.000	-55.33	0.0000	0.000	16500.000	496.4773	FF				
379	Spectrogram 1	1	496.620496840	497.006623105	6930.481	23101.604	10687.500	13875.000	-73.61	0.3861	16171.123	10687.500	496.7360		SA	A	0	SB
380	Spectrogram 1	1	496.642989632	496.642989632	7315.508	7315.508	7312.500	7312.500	-86.62	0.0000	0.000	7312.500	496.6427	FI				
381	Spectrogram 1	1	496.991627911	496.991627911	22074.866	22074.866	22125.000	22125.000	-79.62	0.0000	0.000	22125.000	496.9920	FF				
382	Spectrogram 1	1	500.858234938	501.338081171	5518.717	22203.209	10312.500	8812.500	-69.40	0.4798	16684.492	10312.500	501.0853		SA	A	0	SB
383	Spectrogram 1	1	500.884476529	500.884476529	6288.770	6288.770	6375.000	6375.000	-59.74	0.0000	0.000	6375.000	500.8853	FI				
384	Spectrogram 1	1	501.319337178	501.319337178	21304.813	21304.813	21375.000	21375.000	-71.39	0.0000	0.000	21375.000	501.3200	FF				
385	Spectrogram 1	1	505.398691057	505.818556510	6545.455	21176.471	12187.500	13875.000	-74.55	0.4199	14631.016	12187.500	505.6160		SA	A	0	SB
386	Spectrogram 1	1	505.409937453	505.409937453	7443.850	7443.850	7500.000	7500.000	-72.75	0.0000	0.000	7500.000	505.4107	FI				
387	Spectrogram 1	1	505.814807712	505.814807712	20149.733	20149.733	20062.500	20062.500	-78.85	0.0000	0.000	20062.500	505.8160	FF				
388	Spectrogram 1	1	506.215929172	506.602055437	7315.508	26053.476	14250.000	15375.000	-74.67	0.3861	18737.968	14250.000	506.3120		SA	A	0	SB
389	Spectrogram 1	1	506.238421964	506.238421964	8342.246	8342.246	8250.000	8250.000	-90.07	0.0000	0.000	8250.000	506.2373	FI				
390	Spectrogram 1	1	506.583311444	506.583311444	24898.396	24898.396	24937.500	24937.500	-74.44	0.0000	0.000	24937.500	506.5840	FF				
391	Spectrogram 1	1	507.115198163	507.486329234	9240.642	19764.706	13875.000	13875.000	-74.70	0.3711	10524.064	13875.000	507.3013		SA	A	0	SB
392	Spectrogram 1	1	507.145188553	507.145188553	10139.037	10139.037	10125.000	10125.000	-82.83	0.0000	0.000	10125.000	507.1440	FI				
393	Spectrogram 1	1	507.460087643	507.460087643	18866.310	18866.310	18937.500	18937.500	-66.22	0.0000	0.000	18937.500	507.4613	FF				
394	Spectrogram 1	1	511.296250621	511.764850457	4491.979	18866.310	10875.000	10687.500	-68.04	0.4686	14374.331	10875.000	511.5093		SA	A	0	SB
395	Spectrogram 1	1	511.307497017	511.307497017	5775.401	5775.401	5812.500	5812.500	-72.50	0.0000	0.000	5812.500	511.3067	FI				
396	Spectrogram 1	1	511.749855262	511.749855262	18096.257	18096.257	18187.500	18187.500	-84.83	0.0000	0.000	18187.500	511.7493	FF				
397	Spectrogram 1	1	512.255943086	512.660813345	8855.615	22074.866	16687.500	15375.000	-71.12	0.4049	13219.251	16687.500	512.4293		SA	A	0	SB
398	Spectrogram 1	1	512.289682274	512.289682274	9497.326	9497.326	9562.500	9562.500	-76.60	0.0000	0.000	9562.500	512.2907	FI				
399	Spectrogram 1	1	512.649566949	512.649566949	21689.840	21689.840	21750.000	21750.000	-72.83	0.0000	0.000	21750.000	512.6507	FF				
400	Spectrogram 1	1	517.156294845	517.666131467	6160.428	24385.027	15937.500	15937.500	-66.24	0.5098	18224.599	15937.500	517.5040		SA	A	0	SB
401	Spectrogram 1	1	517.175038838	517.175038838	6545.455	6545.455	6562.500	6562.500	-63.84	0.0000	0.000	6562.500	517.1760	FI				
402	Spectrogram 1	1	517.658633870	517.658633870	22973.262	22973.262	23062.500	23062.500	-75.95	0.0000	0.000	23062.500	517.6587	FF				
403	Spectrogram 1	1	518.229238093	518.686591533	5647.059	22716.578	9750.000	9562.500	-66.19	0.4574	17069.519	9750.000	518.4347		SA	A	0	SB
404	Spectrogram 1	1	518.255479683	518.255479683	6417.112	6417.112	6375.000	6375.000	-65.66	0.0000	0.000	6375.000	518.2560	FI				
405	Spectrogram 1	1	518.675345137	518.675345137	21048.128	21048.128	21000.000	21000.000	-77.64	0.0000	0.000	21000.000	518.6747	FF				
406	Spectrogram 1	1	535.803977109	536.250084153	5518.717	20149.733	14812.500	14812.500	-69.76	0.4461	14631.016	14812.500	536.0800		SA	A	0	SB
407	Spectrogram 1	1	535.822721102	535.822721102	6032.086	6032.086	6000.000	6000.000	-66.87	0.0000	0.000	6000.000	535.8240	FI				
408	Spectrogram 1	1	536.238837757	536.238837757	18609.626	18609.626	18562.500	18562.500	-80.23	0.0000	0.000	18562.500	536.2400	FF				
409	Spectrogram 1	1	536.501253666	536.902375126	5262.032	17967.914	14625.000	10687.500	-72.85	0.4011	12705.882	14625.000	536.7760		SA	A	0	SB
410	Spectrogram 1	1	536.516248861	536.516248861	6417.112	6417.112	6375.000	6375.000	-62.19	0.0000	0.000	6375.000	536.5173	FI				
411	Spectrogram 1	1	536.887379931	536.887379931	17582.888	17582.888	17625.000	17625.000	-78.18	0.0000	0.000	17625.000	536.8880	FF				
412	Spectrogram 1	1	559.682370700	560.173463329	5775.401	20663.102	9187.500	10875.000	-71.12	0.4911	14887.701	9187.500	559.8800		SA	A	0	SB
413	Spectrogram 1	1	559.712361089	559.712361089	6288.770	6288.770	6375.000	6375.000	-69.03	0.0000	0.000	6375.000	559.7120	FI				
414	Spectrogram 1	1	560.162216933	560.162216933	19251.337	19251.337	19312.500	19312.500	-75.74	0.0000	0.000	19312.500	560.1627	FF				
415	Spectrogram 1	1	595.699832085	596.044721564	5262.032	15529.412	10875.000	10875.000	-69.89	0.3449	10267.380	10875.000	595.9440		SA	A	0	SB
416	Spectrogram 1	1	595.722324877	595.722324877	6417.112	6417.112	6375.000	6375.000	-63.61	0.0000	0.000	6375.000	595.7227	FI				
417	Spectrogram 1	1	596.029726370	596.029726370	15016.043	15016.043	15000.000	15000.000	-62.10	0.0000	0.000	15000.000	596.0293	FF				
418	Spectrogram 1	1	605.885454221	606.297822077	13604.278	20791.444	15375.000	15375.000	-61.83	0.4124	7187.166	15375.000	605.9840		SA	A	0	SB
419	Spectrogram 1	1	605.904198215	605.904198215	14759.358	14759.358	14812.500	14812.500	-55.77	0.0000	0.000	14812.500	605.9040	FI				
420	Spectrogram 1	1	606.286575681	606.286575681	20149.733	20149.733	20062.500	20062.500	-71.00	0.0000	0.000	20062.500	606.2853	FF				
421	Spectrogram 1	1	606.860141882	607.302500127	10139.037	20791.444	15187.500	15937.500	-66.31	0.4424	10652.407	15187.500	606.9333		SA	A	0	SB
422	Spectrogram 1	1	606.875137076	606.875137076	11550.802	11550.802	11625.000	11625.000	-80.54	0.0000	0.000	11625.000	606.8747	FI				
423	Spectrogram 1	1	607.283756134	607.283756134	20149.733	20149.733	20062.500	20062.500	-66.78	0.0000	0.000	20062.500	607.2827	FF				
424	Spectrogram 1	1	607.937680999	608.391285641	5647.059	15144.385	12000.000	11437.500	-66.81	0.4536	9497.326	12000.000	608.3413		SA	A	0	SB
425	Spectrogram 1	1	607.948927395	607.948927395	6417.112	6417.112	6375.000	6375.000	-79.76	0.0000	0.000	6375.000	607.9493	FI				
426	Spectrogram 1	1	608.383788044	608.383788044	14759.358	14759.358	14812.500	14812.500	-61.91	0.0000	0.000	14812.500	608.3840	FF				
427	Spectrogram 1	1	608.818648692	609.249760542	5262.032	15401.070	11812.500	10875.000	-68.30	0.4311	10139.038	11812.500	609.1813		SA	A	0	SB
428	Spectrogram 1	1	608.833643887	608.833643887	6032.086	6032.086	6000.000	6000.000	-67.65	0.0000	0.000	6000.000	608.8347	FI				
429	Spectrogram 1	1	609.234765347	609.234765347	14502.674	14502.674	14437.500	14437.500	-59.11	0.0000	0.000	14437.500	609.2347	FF				
430	Spectrogram 1	1	613.881871006	614.260499674	10267.380	17967.914	15562.500	15000.000	-68.84	0.3786	7700.534	15562.500	614.1840		SA	A	0	SB
431	Spectrogram 1	1	613.900615000	613.900615000	11037.433	11037.433	11062.500	11062.500	-88.11	0.0000	0.000	11062.500	613.9013	FI				
432	Spectrogram 1	1	614.245504479	614.245504479	17197.861	17197.861	17250.000	17250.000	-59.12	0.0000	0.000	17250.000	614.2453	FF				
433	Spectrogram 1	1	632.048472038	632.397110316	9625.668	17967.914	13687.500	13875.000	-67.61	0.3486	8342.246	13687.500	632.2187		SA	A	0	SB
434	Spectrogram 1	1	632.067216031	632.067216031	10395.722	10395.722	10312.500	10312.500	-75.85	0.0000	0.000	10312.500	632.0667	FI				
435	Spectrogram 1	1	632.378366323	632.378366323	17069.519	17069.519	17062.500	17062.500	-65.39	0.0000	0.000	17062.500	632.3787	FF				
436	Spectrogram 1	1	637.416614880	637.870219522	6288.770	23358.289	10500.000	13312.500	-53.84	0.4536	17069.519	10500.000	637.6267		SA	A	0	SB
437	Spectrogram 1	1	637.435358874	637.435358874	6545.455	6545.455	6562.500	6562.500	-67.58	0.0000	0.000	6562.500	637.4347	FI				
438	Spectrogram 1	1	637.858973126	637.858973126	21818.182	21818.182	21750.000	21750.000	-71.35	0.0000	0.000	21750.000	637.8587	FF				
439	Spectrogram 1	1	692.300068760	692.772417396	5005.348	17967.914	11062.500	11062.500	-65.39	0.4723	12962.566	11062.500	692.5920		SA	A	0	SB
440	Spectrogram 1	1	692.318812754	692.318812754	5262.032	5262.032	5250.000	5250.000	-69.50	0.0000	0.000	5250.000	692.3200	FI				
441	Spectrogram 1	1	692.753673402	692.753673402	16941.176	16941.176	16875.000	16875.000	-69.89	0.0000	0.000	16875.000	692.7547	FF				
442	Spectrogram 1	1	693.156439721	693.553812382	5647.059	18096.257	10500.000	10500.000	-65.20	0.3974	12449.198	10500.000	693.3707		SA	A	0	SB
443	Spectrogram 1	1	693.182681312	693.182681312	6032.086	6032.086	6000.000	6000.000	-72.32	0.0000	0.000	6000.000	693.1840	FI				
444	Spectrogram 1	1	693.542565986	693.542565986	16812.834	16812.834	16875.000	16875.000	-68.44	0.0000	0.000	16875.000	693.5413	FF				
445	Spectrogram 1	1	727.292073293	727.674450760	5647.059	16299.465	11437.500	11062.500	-69.70	0.3824	10652.406	11437.500	727.6133		SA	A	0	SB
446	Spectrogram 1	1	727.307068488	727.307068488	6545.455	6545.455	6562.500	6562.500	-68.06	0.0000	0.000	6562.500	727.3067	FI				
447	Spectrogram 1	1	727.666953162	727.666953162	14887.701	14887.701	14812.500	14812.500	-64.37	0.0000	0.000	14812.500	727.6667	FF				
448	Spectrogram 1	1	727.921871473	728.416712901	5647.059	19251.337	10312.500	13500.000	-67.08	0.4948	13604.278	10312.500	728.2000		SA	A	0	SB
449	Spectrogram 1	1	727.940615467	727.940615467	6032.086	6032.086	6000.000	6000.000	-71.80	0.0000	0.000	6000.000	727.9413	FI				
450	Spectrogram 1	1	728.394220109	728.394220109	17967.914	17967.914	18000.000	18000.000	-66.78	0.0000	0.000	18000.000	728.3947	FF				
451	Spectrogram 1	1	838.312273755	838.840854371	5133.690	18866.310	15750.000	14062.500	-69.82	0.5286	13732.620	15750.000	838.6853		SA	A	0	SB
452	Spectrogram 1	1	838.334766547	838.334766547	6032.086	6032.086	6000.000	6000.000	-73.62	0.0000	0.000	6000.000	838.3360	FI				
453	Spectrogram 1	1	838.825859176	838.825859176	17967.914	17967.914	18000.000	18000.000	-64.62	0.0000	0.000	18000.000	838.8267	FF				
454	Spectrogram 1	1	854.007662462	854.491257494	6288.770	19379.679	15750.000	14250.000	-64.96	0.4836	13090.909	15750.000	854.3413		SA	A	0	SB
455	Spectrogram 1	1	854.033904053	854.033904053	6673.797	6673.797	6750.000	6750.000	-60.33	0.0000	0.000	6750.000	854.0347	FI				
456	Spectrogram 1	1	854.487508695	854.487508695	18609.626	18609.626	18562.500	18562.500	-72.07	0.0000	0.000	18562.500	854.4880	FF				
457	Spectrogram 1	1	854.573692746	854.907335830	6802.139	17839.572	9750.000	9750.000	-71.60	0.3336	11037.433	9750.000	854.7893		SA	A	0	SB
458	Spectrogram 1	1	854.599934337	854.599934337	6930.481	6930.481	6937.500	6937.500	-71.05	0.0000	0.000	6937.500	854.6000	FI				
459	Spectrogram 1	1	854.877345441	854.877345441	17326.203	17326.203	17250.000	17250.000	-54.58	0.0000	0.000	17250.000	854.8773	FF				
460	Spectrogram 1	1	855.154756544	855.417172453	5518.717	16941.176	9937.500	10312.500	-66.84	0.2624	11422.459	9937.500	855.2987		SA	A	0	SB
461	Spectrogram 1	1	855.173500537	855.173500537	6417.112	6417.112	6375.000	6375.000	-74.61	0.0000	0.000	6375.000	855.1733	FI				
462	Spectrogram 1	1	855.394679660	855.394679660	16812.834	16812.834	16875.000	16875.000	-93.43	0.0000	0.000	16875.000	855.3947	FF				
463	Spectrogram 1	1	856.448447186	856.962032607	7187.166	19636.364	9187.500	12562.500	-77.52	0.5136	12449.198	9187.500	856.5147		SA	A	0	SB
464	Spectrogram 1	1	856.478437575	856.478437575	7443.850	7443.850	7500.000	7500.000	-80.02	0.0000	0.000	7500.000	856.4773	FI				
465	Spectrogram 1	1	856.939539814	856.939539814	19122.995	19122.995	19125.000	19125.000	-79.09	0.0000	0.000	19125.000	856.9387	FF				
466	Spectrogram 1	1	867.380115187	867.743748661	5133.690	22074.866	13687.500	14812.500	-71.82	0.3636	16941.176	13687.500	867.4613		SA	A	0	SB
467	Spectrogram 1	1	867.391361583	867.391361583	6160.428	6160.428	6187.500	6187.500	-59.66	0.0000	0.000	6187.500	867.3920	FI				
468	Spectrogram 1	1	867.732502264	867.732502264	21176.471	21176.471	21187.500	21187.500	-65.70	0.0000	0.000	21187.500	867.7333	FF				
469	Spectrogram 1	1	872.149692092	872.659528714	5775.401	20919.786	9000.000	14062.500	-67.37	0.5098	15144.385	9000.000	872.3547		SA	A	0	SB
470	Spectrogram 1	1	872.175933682	872.175933682	6545.455	6545.455	6562.500	6562.500	-56.40	0.0000	0.000	6562.500	872.1760	FI				
471	Spectrogram 1	1	872.637035922	872.637035922	20149.733	20149.733	20062.500	20062.500	-77.70	0.0000	0.000	20062.500	872.6373	FF				
472	Spectrogram 1	1	888.086238914	888.659805114	6417.112	18994.652	9187.500	13875.000	-64.97	0.5736	12577.540	9187.500	888.3360		SA	A	0	SB
473	Spectrogram 1	1	888.116229303	888.116229303	7058.824	7058.824	7125.000	7125.000	-63.26	0.0000	0.000	7125.000	888.1173	FI				
474	Spectrogram 1	1	888.637312322	888.637312322	18224.599	18224.599	18187.500	18187.500	-73.11	0.0000	0.000	18187.500	888.6373	FF				
475	Spectrogram 1	1	902.332965657	902.734087117	7187.166	19636.364	12187.500	12937.500	-77.08	0.4011	12449.198	12187.500	902.6293		SA	A	0	SB
476	Spectrogram 1	1	902.351709650	902.351709650	7957.219	7957.219	7875.000	7875.000	-63.65	0.0000	0.000	7875.000	902.3520	FI				
477	Spectrogram 1	1	902.707845526	902.707845526	18994.652	18994.652	18937.500	18937.500	-76.07	0.0000	0.000	18937.500	902.7067	FF				
478	Spectrogram 1	1	903.408870882	903.873721920	5903.743	18224.599	10500.000	10687.500	-73.33	0.4649	12320.856	10500.000	903.4773		SA	A	0	SB
479	Spectrogram 1	1	903.420117278	903.420117278	6930.481	6930.481	6937.500	6937.500	-64.88	0.0000	0.000	6937.500	903.4213	FI				
480	Spectrogram 1	1	903.858726725	903.858726725	17197.861	17197.861	17250.000	17250.000	-70.33	0.0000	0.000	17250.000	903.8587	FF				
481	Spectrogram 1	1	910.085262349	910.617591763	5903.743	20149.733	9000.000	10125.000	-72.41	0.5323	14245.990	9000.000	910.2960		SA	A	0	SB
482	Spectrogram 1	1	910.111503940	910.111503940	6673.797	6673.797	6750.000	6750.000	-61.26	0.0000	0.000	6750.000	910.1120	FI				
483	Spectrogram 1	1	910.602596568	910.602596568	18866.310	18866.310	18937.500	18937.500	-78.22	0.0000	0.000	18937.500	910.6027	FF				
484	Spectrogram 1	1	919.845199128	920.366282147	6160.428	18096.257	9000.000	9562.500	-71.47	0.5211	11935.829	9000.000	920.0613		SA	A	0	SB
485	Spectrogram 1	1	919.863943122	919.863943122	6545.455	6545.455	6562.500	6562.500	-68.51	0.0000	0.000	6562.500	919.8640	FI				
486	Spectrogram 1	1	920.343789354	920.343789354	17197.861	17197.861	17250.000	17250.000	-67.88	0.0000	0.000	17250.000	920.3440	FF				
487	Spectrogram 1	1	938.592022369	939.090612595	6032.086	19122.995	9375.000	9375.000	-71.66	0.4986	13090.909	9375.000	938.7893		SA	A	0	SB
488	Spectrogram 1	1	938.610766362	938.610766362	6417.112	6417.112	6375.000	6375.000	-74.48	0.0000	0.000	6375.000	938.6107	FI				
489	Spectrogram 1	1	939.079366199	939.079366199	18096.257	18096.257	18187.500	18187.500	-80.16	0.0000	0.000	18187.500	939.0800	FF				
490	Spectrogram 1	1	939.360526101	939.709164380	6545.455	17454.545	9375.000	13125.000	-71.45	0.3486	10909.090	9375.000	939.4960		SA	A	0	SB
491	Spectrogram 1	1	939.383018893	939.383018893	7058.824	7058.824	7125.000	7125.000	-72.44	0.0000	0.000	7125.000	939.3840	FI				
492	Spectrogram 1	1	939.690420386	939.690420386	16812.834	16812.834	16875.000	16875.000	-58.99	0.0000	0.000	16875.000	939.6907	FF				
493	Spectrogram 1	1	952.046514847	952.522612281	5390.374	18737.968	7875.000	11437.500	-73.99	0.4761	13347.594	7875.000	952.1413		SA	A	0	SB
494	Spectrogram 1	1	952.065258840	952.065258840	6288.770	6288.770	6375.000	6375.000	-77.54	0.0000	0.000	6375.000	952.0640	FI				
495	Spectrogram 1	1	952.503868287	952.503868287	17711.230	17711.230	17625.000	17625.000	-62.23	0.0000	0.000	17625.000	952.5040	FF				
496	Spectrogram 1	1	952.800023384	953.227386435	5390.374	19122.995	10500.000	10312.500	-72.11	0.4274	13732.621	10500.000	953.0347		SA	A	0	SB
497	Spectrogram 1	1	952.826264975	952.826264975	6673.797	6673.797	6750.000	6750.000	-62.40	0.0000	0.000	6750.000	952.8267	FI				
498	Spectrogram 1	1	953.219888838	953.219888838	17967.914	17967.914	18000.000	18000.000	-78.03	0.0000	0.000	18000.000	953.2187	FF				
499	Spectrogram 1	1	962.687025909	963.133132953	5133.690	17454.545	9937.500	10500.000	-72.48	0.4461	12320.855	9937.500	962.9680		SA	A	0	SB
500	Spectrogram 1	1	962.705769902	962.705769902	5647.059	5647.059	5625.000	5625.000	-74.95	0.0000	0.000	5625.000	962.7067	FI				
501	Spectrogram 1	1	963.103142564	963.103142564	16684.492	16684.492	16687.500	16687.500	-90.48	0.0000	0.000	16687.500	963.1040	FF				
502	Spectrogram 1	1	967.289135017	967.761483653	6545.455	21048.128	15937.500	12187.500	-72.78	0.4723	14502.673	15937.500	967.5653		SA	A	0	SB
503	Spectrogram 1	1	967.311627809	967.311627809	7058.824	7058.824	7125.000	7125.000	-60.55	0.0000	0.000	7125.000	967.3120	FI				
504	Spectrogram 1	1	967.746488458	967.746488458	20663.102	20663.102	20625.000	20625.000	-75.50	0.0000	0.000	20625.000	967.7467	FF				
505	Spectrogram 1	1	967.930179594	968.312557061	5775.401	19508.021	12187.500	11062.500	-74.12	0.3824	13732.620	12187.500	968.1307		SA	A	0	SB
506	Spectrogram 1	1	967.952672386	967.952672386	6417.112	6417.112	6375.000	6375.000	-58.91	0.0000	0.000	6375.000	967.9520	FI				
507	Spectrogram 1	1	968.305059463	968.305059463	18994.652	18994.652	18937.500	18937.500	-90.59	0.0000	0.000	18937.500	968.3040	FF				
508	Spectrogram 1	1	984.032946876	984.486551518	5903.743	18609.626	9000.000	10500.000	-73.10	0.4536	12705.883	9000.000	984.2347		SA	A	0	SB
509	Spectrogram 1	1	984.047942071	984.047942071	6545.455	6545.455	6562.500	6562.500	-78.44	0.0000	0.000	6562.500	984.0480	FI				
510	Spectrogram 1	1	984.467807525	984.467807525	17326.203	17326.203	17250.000	17250.000	-87.61	0.0000	0.000	17250.000	984.4667	FF				
511	Spectrogram 1	1	990.611049920	991.045910569	5518.717	17582.888	6750.000	7125.000	-74.76	0.4349	12064.171	6750.000	990.8107		SA	A	0	SB
512	Spectrogram 1	1	990.629793914	990.629793914	5903.743	5903.743	5812.500	5812.500	-79.15	0.0000	0.000	5812.500	990.6293	FI				
513	Spectrogram 1	1	991.027166575	991.027166575	16171.123	16171.123	16125.000	16125.000	-72.98	0.0000	0.000	16125.000	991.0267	FF				
514	Spectrogram 1	1	991.322878977	991.735246834	6673.797	20278.075	10687.500	11625.000	-73.60	0.4124	13604.278	10687.500	991.4960		SA	A	0	SB
515	Spectrogram 1	1	991.341622971	991.341622971	7187.166	7187.166	7125.000	7125.000	-58.80	0.0000	0.000	7125.000	991.3413	FI				
516	Spectrogram 1	1	991.724000437	991.724000437	19251.337	19251.337	19312.500	19312.500	-88.44	0.0000	0.000	19312.500	991.7253	FF				
517	Spectrogram 1	1	991.907406698	992.275366978	6900.000	20700.000	11250.000	10687.500	-74.78	0.3680	13800.000	11250.000	992.0720		SA	A	0	SB
518	Spectrogram 1	1	991.942450534	991.942450534	7650.000	7650.000	7687.500	7687.500	-61.24	0.0000	0.000	7687.500	991.9413	FI				
519	Spectrogram 1	1	992.262225540	992.262225540	19200.000	19200.000	19125.000	19125.000	-77.70	0.0000	0.000	19125.000	992.2613	FF				
520	Spectrogram 1	1	1017.487961552	1017.904107107	13800.000	19350.000	14812.500	15937.500	-66.13	0.4161	5550.000	14812.500	1017.5280		SA	A	0	SB
521	Spectrogram 1	1	1017.509863949	1017.509863949	15000.000	15000.000	15000.000	15000.000	-52.78	0.0000	0.000	15000.000	1017.5093	FI				
522	Spectrogram 1	1	1017.877824230	1017.877824230	18450.000	18450.000	18375.000	18375.000	-64.86	0.0000	0.000	18375.000	1017.8773	FF				
523	Spectrogram 1	1	1032.098943682	1032.528230677	5250.000	14850.000	11250.000	11250.000	-73.21	0.4293	9600.000	11250.000	1032.4133		SA	A	0	SB
524	Spectrogram 1	1	1032.125226560	1032.125226560	6150.000	6150.000	6187.500	6187.500	-69.69	0.0000	0.000	6187.500	1032.1253	FI				
525	Spectrogram 1	1	1032.501947799	1032.501947799	14100.000	14100.000	14062.500	14062.500	-60.70	0.0000	0.000	14062.500	1032.5013	FF				
526	Spectrogram 1	1	1043.659964476	1043.962217564	5400.000	16800.000	6187.500	9750.000	-74.34	0.3023	11400.000	6187.500	1043.8853		SA	A	0	SB
527	Spectrogram 1	1	1043.677486394	1043.677486394	6300.000	6300.000	6375.000	6375.000	-67.10	0.0000	0.000	6375.000	1043.6773	FI				
528	Spectrogram 1	1	1043.953456605	1043.953456605	15900.000	15900.000	15937.500	15937.500	-76.11	0.0000	0.000	15937.500	1043.9547	FF				
529	Spectrogram 1	1	1084.612033811	1085.015037928	5850.000	16500.000	10125.000	10312.500	-72.22	0.4030	10650.000	10125.000	1084.8400		SA	A	0	SB
530	Spectrogram 1	1	1084.642697168	1084.642697168	6300.000	6300.000	6375.000	6375.000	-72.53	0.0000	0.000	6375.000	1084.6427	FI				
531	Spectrogram 1	1	1084.997516010	1084.997516010	15450.000	15450.000	15375.000	15375.000	-60.45	0.0000	0.000	15375.000	1084.9973	FF				
532	Spectrogram 1	1	1119.303945429	1119.864646809	7350.000	19650.000	10875.000	12187.500	-76.17	0.5607	12300.000	10875.000	1119.4400		SA	A	0	SB
533	Spectrogram 1	1	1119.321467347	1119.321467347	7650.000	7650.000	7687.500	7687.500	-71.83	0.0000	0.000	7687.500	1119.3227	FI				
534	Spectrogram 1	1	1119.825222493	1119.825222493	18600.000	18600.000	18562.500	18562.500	-68.55	0.0000	0.000	18562.500	1119.8240	FF				
535	Spectrogram 1	1	1134.432243044	1134.896194960	6600.000	18750.000	16125.000	15000.000	-71.30	0.4640	12150.000	16125.000	1134.8160		SA	A	0	SB
536	Spectrogram 1	1	1134.463520701	1134.463520701	6750.000	6750.000	6750.000	6750.000	-81.25	0.0000	0.000	6750.000	1134.4640	FI				
537	Spectrogram 1	1	1134.875343188	1134.875343188	17700.000	17700.000	17625.000	17625.000	-59.89	0.0000	0.000	17625.000	1134.8747	FF				
538	Spectrogram 1	1	1135.073435018	1135.412276305	6750.000	20400.000	15562.500	15562.500	-71.64	0.3388	13650.000	15562.500	1135.2480		SA	A	0	SB
539	Spectrogram 1	1	1135.104712675	1135.104712675	7800.000	7800.000	7875.000	7875.000	-67.68	0.0000	0.000	7875.000	1135.1040	FI				
540	Spectrogram 1	1	1135.407063362	1135.407063362	19650.000	19650.000	19687.500	19687.500	-86.59	0.0000	0.000	19687.500	1135.4080	FF				
541	Spectrogram 1	1	1135.631219905	1135.907505878	6900.000	19350.000	14625.000	12750.000	-72.68	0.2763	12450.000	14625.000	1135.8240		SA	A	0	SB
542	Spectrogram 1	1	1135.646858734	1135.646858734	7800.000	7800.000	7875.000	7875.000	-73.41	0.0000	0.000	7875.000	1135.6480	FI				
543	Spectrogram 1	1	1135.881441163	1135.881441163	18450.000	18450.000	18375.000	18375.000	-69.76	0.0000	0.000	18375.000	1135.8827	FF				
544	Spectrogram 1	1	1183.728408781	1184.228851297	6450.000	19950.000	14062.500	15000.000	-67.12	0.5004	13500.000	14062.500	1183.9947		SA	A	0	SB
545	Spectrogram 1	1	1183.754473495	1183.754473495	6750.000	6750.000	6750.000	6750.000	-57.91	0.0000	0.000	6750.000	1183.7547	FI				
546	Spectrogram 1	1	1184.192360697	1184.192360697	18750.000	18750.000	18750.000	18750.000	-78.44	0.0000	0.000	18750.000	1184.1920	FF				
547	Spectrogram 1	1	1184.494711384	1184.932598585	5850.000	20550.000	15937.500	13125.000	-69.29	0.4379	14700.000	15937.500	1184.8293		SA	A	0	SB
548	Spectrogram 1	1	1184.520776098	1184.520776098	6750.000	6750.000	6750.000	6750.000	-82.51	0.0000	0.000	6750.000	1184.5200	FI				
549	Spectrogram 1	1	1184.901320928	1184.901320928	19500.000	19500.000	19500.000	19500.000	-84.19	0.0000	0.000	19500.000	1184.9013	FF				
550	Spectrogram 1	1	1214.348566595	1214.802092625	7800.000	23400.000	17812.500	17625.000	-66.97	0.4535	15600.000	17812.500	1214.5760		SA	A	0	SB
551	Spectrogram 1	1	1214.385057195	1214.385057195	8550.000	8550.000	8625.000	8625.000	-63.01	0.0000	0.000	8625.000	1214.3840	FI				
552	Spectrogram 1	1	1214.776027911	1214.776027911	22200.000	22200.000	22125.000	22125.000	-60.32	0.0000	0.000	22125.000	1214.7760	FF				
553	Spectrogram 1	1	1236.199574490	1236.621822863	6150.000	20550.000	9750.000	13687.500	-65.11	0.4222	14400.000	9750.000	1236.3627		SA	A	0	SB
554	Spectrogram 1	1	1236.230852147	1236.230852147	6900.000	6900.000	6937.500	6937.500	-68.80	0.0000	0.000	6937.500	1236.2320	FI				
555	Spectrogram 1	1	1236.606184034	1236.606184034	19050.000	19050.000	19125.000	19125.000	-58.61	0.0000	0.000	19125.000	1236.6053	FF				
556	Spectrogram 1	1	1295.085838757	1295.607133045	5700.000	19500.000	13875.000	13500.000	-67.70	0.5213	13800.000	13875.000	1295.3893		SA	A	0	SB
557	Spectrogram 1	1	1295.111903472	1295.111903472	6450.000	6450.000	6375.000	6375.000	-70.33	0.0000	0.000	6375.000	1295.1120	FI				
558	Spectrogram 1	1	1295.586281273	1295.586281273	17850.000	17850.000	17812.500	17812.500	-76.74	0.0000	0.000	17812.500	1295.5867	FF				
559	Spectrogram 1	1	1299.847461297	1300.363542641	5100.000	15750.000	14437.500	8625.000	-75.53	0.5161	10650.000	14437.500	1300.3413		SA	A	0	SB
560	Spectrogram 1	1	1299.878738954	1299.878738954	6150.000	6150.000	6187.500	6187.500	-66.35	0.0000	0.000	6187.500	1299.8800	FI				
561	Spectrogram 1	1	1300.353116755	1300.353116755	15150.000	15150.000	15187.500	15187.500	-62.22	0.0000	0.000	15187.500	1300.3520	FF				
562	Spectrogram 1	1	1300.989095786	1301.322724130	6900.000	13200.000	12187.500	12000.000	-70.07	0.3336	6300.000	12187.500	1301.2213		SA	A	0	SB
563	Spectrogram 1	1	1300.999521672	1300.999521672	8100.000	8100.000	8062.500	8062.500	-84.30	0.0000	0.000	8062.500	1301.0000	FI				
564	Spectrogram 1	1	1301.286233530	1301.286233530	12600.000	12600.000	12562.500	12562.500	-57.69	0.0000	0.000	12562.500	1301.2853	FF				
565	Spectrogram 1	1	1347.995853829	1348.459805745	5400.000	20100.000	14625.000	14062.500	-71.56	0.4640	14700.000	14625.000	1348.2560		SA	A	0	SB
566	Spectrogram 1	1	1348.011492658	1348.011492658	6450.000	6450.000	6375.000	6375.000	-70.22	0.0000	0.000	6375.000	1348.0107	FI				
567	Spectrogram 1	1	1348.433741031	1348.433741031	19200.000	19200.000	19125.000	19125.000	-73.33	0.0000	0.000	19125.000	1348.4347	FF				
568	Spectrogram 1	1	1348.704814060	1349.059294176	6300.000	21750.000	14625.000	15000.000	-71.20	0.3545	15450.000	14625.000	1348.8320		SA	A	0	SB
569	Spectrogram 1	1	1348.710027003	1348.710027003	7800.000	7800.000	7875.000	7875.000	-83.58	0.0000	0.000	7875.000	1348.7093	FI				
570	Spectrogram 1	1	1349.048868290	1349.048868290	19950.000	19950.000	19875.000	19875.000	-87.26	0.0000	0.000	19875.000	1349.0480	FF				
571	Spectrogram 1	1	1377.870558071	1378.334509987	6300.000	19800.000	16687.500	10875.000	-70.04	0.4640	13500.000	16687.500	1378.2667		SA	A	0	SB
572	Spectrogram 1	1	1377.880983956	1377.880983956	6900.000	6900.000	6937.500	6937.500	-73.98	0.0000	0.000	6937.500	1377.8800	FI				
573	Spectrogram 1	1	1378.303232329	1378.303232329	18450.000	18450.000	18375.000	18375.000	-79.69	0.0000	0.000	18375.000	1378.3040	FF				
574	Spectrogram 1	1	1380.815722165	1381.243183481	7500.000	23100.000	13312.500	13500.000	-75.39	0.4275	15600.000	13312.500	1380.8267		SA	A	0	SB
575	Spectrogram 1	1	1380.841786880	1380.841786880	9000.000	9000.000	9000.000	9000.000	-66.99	0.0000	0.000	9000.000	1380.8427	FI				
576	Spectrogram 1	1	1381.227544652	1381.227544652	22050.000	22050.000	22125.000	22125.000	-78.20	0.0000	0.000	22125.000	1381.2267	FF				
577	Spectrogram 1	1	1403.326108513	1403.628459200	8850.000	19350.000	16125.000	16125.000	-67.87	0.3024	10500.000	16125.000	1403.4960		SA	A	0	SB
578	Spectrogram 1	1	1403.336534399	1403.336534399	10050.000	10050.000	10125.000	10125.000	-72.67	0.0000	0.000	10125.000	1403.3360	FI				
579	Spectrogram 1	1	1403.618033314	1403.618033314	18450.000	18450.000	18375.000	18375.000	-72.19	0.0000	0.000	18375.000	1403.6187	FF				
580	Spectrogram 1	1	1404.394761803	1404.764880747	8400.000	20400.000	15937.500	15750.000	-69.40	0.3701	12000.000	15937.500	1404.5707		SA	A	0	SB
581	Spectrogram 1	1	1404.415613574	1404.415613574	9750.000	9750.000	9750.000	9750.000	-80.43	0.0000	0.000	9750.000	1404.4160	FI				
582	Spectrogram 1	1	1404.738816033	1404.738816033	19800.000	19800.000	19875.000	19875.000	-82.23	0.0000	0.000	19875.000	1404.7387	FF				
583	Spectrogram 1	1	1428.369794514	1428.797255829	7200.000	22350.000	18375.000	14812.500	-76.07	0.4275	15150.000	18375.000	1428.5893		SA	A	0	SB
584	Spectrogram 1	1	1428.406285114	1428.406285114	8250.000	8250.000	8250.000	8250.000	-70.81	0.0000	0.000	8250.000	1428.4053	FI				
585	Spectrogram 1	1	1428.765978172	1428.765978172	21150.000	21150.000	21187.500	21187.500	-62.33	0.0000	0.000	21187.500	1428.7653	FF				
586	Spectrogram 1	1	1509.810853178	1510.217462722	7350.000	20850.000	9187.500	13500.000	-74.44	0.4066	13500.000	9187.500	1509.8453		SA	A	0	SB
587	Spectrogram 1	1	1509.836917892	1509.836917892	8550.000	8550.000	8625.000	8625.000	-59.84	0.0000	0.000	8625.000	1509.8373	FI				
588	Spectrogram 1	1	1510.207036836	1510.207036836	19950.000	19950.000	19875.000	19875.000	-80.95	0.0000	0.000	19875.000	1510.2080	FF				
589	Spectrogram 1	1	1510.566729895	1511.025468868	6600.000	20850.000	15000.000	12562.500	-74.36	0.4587	14250.000	15000.000	1510.6560		SA	A	0	SB
590	Spectrogram 1	1	1510.582368723	1510.582368723	7500.000	7500.000	7500.000	7500.000	-71.35	0.0000	0.000	7500.000	1510.5813	FI				
591	Spectrogram 1	1	1511.004617096	1511.004617096	20100.000	20100.000	20062.500	20062.500	-78.33	0.0000	0.000	20062.500	1511.0053	FF				
592	Spectrogram 1	1	1540.172908758	1540.662925388	6450.000	20100.000	8812.500	9187.500	-75.63	0.4900	13650.000	8812.500	1540.3920		SA	A	0	SB
593	Spectrogram 1	1	1540.204186415	1540.204186415	6900.000	6900.000	6937.500	6937.500	-70.25	0.0000	0.000	6937.500	1540.2053	FI				
594	Spectrogram 1	1	1540.657712445	1540.657712445	18750.000	18750.000	18750.000	18750.000	-78.53	0.0000	0.000	18750.000	1540.6587	FF				
595	Spectrogram 1	1	1542.250137470	1542.630682300	5700.000	21600.000	14437.500	14437.500	-76.35	0.3805	15900.000	14437.500	1542.4400		SA	A	0	SB
596	Spectrogram 1	1	1542.255350413	1542.255350413	7050.000	7050.000	7125.000	7125.000	-72.42	0.0000	0.000	7125.000	1542.2560	FI				
597	Spectrogram 1	1	1542.609830528	1542.609830528	20400.000	20400.000	20437.500	20437.500	-79.49	0.0000	0.000	20437.500	1542.6107	FF				
598	Spectrogram 1	1	1558.484589228	1559.000670573	6600.000	17550.000	10125.000	10875.000	-76.90	0.5161	10950.000	10125.000	1558.7280		SA	A	0	SB
599	Spectrogram 1	1	1558.510653942	1558.510653942	7350.000	7350.000	7312.500	7312.500	-90.01	0.0000	0.000	7312.500	1558.5093	FI				
600	Spectrogram 1	1	1558.958967030	1558.958967030	16650.000	16650.000	16687.500	16687.500	-69.03	0.0000	0.000	16687.500	1558.9600	FF				
601	Spectrogram 1	1	1679.829298739	1680.366231855	9300.000	22800.000	14812.500	15562.500	-74.84	0.5369	13500.000	14812.500	1680.2960		SA	A	0	SB
602	Spectrogram 1	1	1679.871002282	1679.871002282	10200.000	10200.000	10125.000	10125.000	-68.01	0.0000	0.000	10125.000	1679.8720	FI				
603	Spectrogram 1	1	1680.334954197	1680.334954197	21750.000	21750.000	21750.000	21750.000	-64.65	0.0000	0.000	21750.000	1680.3360	FF				
604	Spectrogram 1	1	1830.555575061	1831.003888148	8850.000	22050.000	15562.500	14437.500	-79.34	0.4483	13200.000	15562.500	1830.8267		SA	A	0	SB
605	Spectrogram 1	1	1830.586852718	1830.586852718	9450.000	9450.000	9375.000	9375.000	-83.18	0.0000	0.000	9375.000	1830.5867	FI				
606	Spectrogram 1	1	1830.993462263	1830.993462263	20550.000	20550.000	20625.000	20625.000	-82.04	0.0000	0.000	20625.000	1830.9947	FF				
607	Spectrogram 1	1	1831.311451778	1831.613802465	10050.000	21600.000	15562.500	15375.000	-78.74	0.3024	11550.000	15562.500	1831.4800		SA	A	0	SB
608	Spectrogram 1	1	1831.332303550	1831.332303550	10650.000	10650.000	10687.500	10687.500	-68.56	0.0000	0.000	10687.500	1831.3333	FI				
609	Spectrogram 1	1	1831.582524808	1831.582524808	20400.000	20400.000	20437.500	20437.500	-92.80	0.0000	0.000	20437.500	1831.5813	FF				
610	Spectrogram 1	1	2164.719017592	2165.099562422	9600.000	19650.000	13875.000	14812.500	-70.03	0.3805	10050.000	13875.000	2164.8320		SA	A	0	SB
611	Spectrogram 1	1	2164.739869363	2164.739869363	10050.000	10050.000	10125.000	10125.000	-56.72	0.0000	0.000	10125.000	2164.7387	FI				
612	Spectrogram 1	1	2165.083923593	2165.083923593	18300.000	18300.000	18375.000	18375.000	-68.61	0.0000	0.000	18375.000	2165.0827	FF				
613	Spectrogram 1	1	2256.882195633	2257.262740463	8850.000	21450.000	16125.000	15937.500	-74.47	0.3805	12600.000	16125.000	2257.1013		SA	A	0	SB
614	Spectrogram 1	1	2256.903047405	2256.903047405	9750.000	9750.000	9750.000	9750.000	-69.33	0.0000	0.000	9750.000	2256.9040	FI				
615	Spectrogram 1	1	2257.252314577	2257.252314577	20700.000	20700.000	20625.000	20625.000	-83.27	0.0000	0.000	20625.000	2257.2533	FF				
616	Spectrogram 1	1	2376.915854587	2377.317251189	7650.000	16500.000	8250.000	10500.000	-68.87	0.4014	8850.000	8250.000	2377.0427		SA	A	0	SB
617	Spectrogram 1	1	2376.936554048	2376.936554048	8213.904	8213.904	8250.000	8250.000	-71.40	0.0000	0.000	8250.000	2376.9360	FI				
618	Spectrogram 1	1	2377.292689924	2377.292689924	15914.439	15914.439	15937.500	15937.500	-75.69	0.0000	0.000	15937.500	2377.2933	FF				
