Selection	View	Channel	Begin Time (s)	End Time (s)	Low Freq (Hz)	High Freq (Hz)	Max Freq (Hz)	Center Freq (Hz)	Avg Power Density (dB FS)	Delta Time (s)	Delta Freq (Hz)	Peak Freq (Hz)	Peak Time (s)	observacoes	PF_check	modulacao	Pi	sobreposicao
1	Spectrogram 1	1	1.722632229	2.046029949	13989.305	19508.021	16312.500	16312.500	-80.48	0.3234	5518.716	16312.500	1.8720		SA	A	0	SB
2	Spectrogram 1	1	1.733235433	1.733235433	14502.674	14502.674	14437.500	14437.500	-69.44	0.0000	0.000	14437.500	1.7333	FI				
3	Spectrogram 1	1	2.027474342	2.027474342	18481.283	18481.283	18562.500	18562.500	-84.07	0.0000	0.000	18562.500	2.0267	FF				
4	Spectrogram 1	1	2.398586479	2.573539343	12962.567	17967.914	14812.500	14812.500	-78.21	0.1750	5005.347	14812.500	2.5013		SA	A	0	SB
5	Spectrogram 1	1	2.411840484	2.411840484	13347.594	13347.594	13312.500	13312.500	-76.02	0.0000	0.000	13312.500	2.4107	FI				
6	Spectrogram 1	1	2.560285338	2.560285338	17069.519	17069.519	17062.500	17062.500	-91.75	0.0000	0.000	17062.500	2.5600	FF				
7	Spectrogram 1	1	56.116986025	56.411224934	12962.567	19508.021	15375.000	15375.000	-77.64	0.2942	6545.454	15375.000	56.2453		SA	A	0	SB
8	Spectrogram 1	1	56.135541632	56.135541632	13860.963	13860.963	13875.000	13875.000	-67.62	0.0000	0.000	13875.000	56.1360	FI				
9	Spectrogram 1	1	56.392669327	56.392669327	18609.626	18609.626	18562.500	18562.500	-76.22	0.0000	0.000	18562.500	56.3920	FF				
10	Spectrogram 1	1	68.780440093	69.074679001	6673.797	16042.781	10125.000	10312.500	-76.36	0.2942	9368.984	10125.000	68.9227		SA	A	0	SB
11	Spectrogram 1	1	68.809598903	68.809598903	7187.166	7187.166	7125.000	7125.000	-73.71	0.0000	0.000	7125.000	68.8107	FI				
12	Spectrogram 1	1	69.061424996	69.061424996	15144.385	15144.385	15187.500	15187.500	-71.17	0.0000	0.000	15187.500	69.0613	FF				
13	Spectrogram 1	1	86.080818544	86.409517865	9368.984	20406.417	15937.500	15750.000	-72.77	0.3287	11037.433	15937.500	86.2720		SA	A	0	SB
14	Spectrogram 1	1	86.096723349	86.096723349	10524.064	10524.064	10500.000	10500.000	-64.75	0.0000	0.000	10500.000	86.0960	FI				
15	Spectrogram 1	1	86.390962258	86.390962258	19508.021	19508.021	19500.000	19500.000	-90.62	0.0000	0.000	19500.000	86.3920	FF				
16	Spectrogram 1	1	92.696699426	93.120827582	8983.957	28877.005	9937.500	13875.000	-78.85	0.4241	19893.048	9937.500	92.9680		SA	A	0	SB
17	Spectrogram 1	1	92.712604232	92.712604232	9882.353	9882.353	9937.500	9937.500	-71.47	0.0000	0.000	9937.500	92.7120	FI				
18	Spectrogram 1	1	93.096970373	93.096970373	28491.979	28491.979	28500.000	28500.000	-90.76	0.0000	0.000	28500.000	93.0960	FF				
19	Spectrogram 1	1	96.871781729	97.152766633	9625.668	17839.572	9937.500	10687.500	-75.76	0.2810	8213.904	9937.500	96.9680		SA	A	0	SB
20	Spectrogram 1	1	96.890337336	96.890337336	9754.011	9754.011	9750.000	9750.000	-63.66	0.0000	0.000	9750.000	96.8907	FI				
21	Spectrogram 1	1	97.139512628	97.139512628	16427.807	16427.807	16500.000	16500.000	-67.05	0.0000	0.000	16500.000	97.1387	FF				
22	Spectrogram 1	1	104.069404343	104.318579634	7828.877	16171.123	9562.500	9937.500	-70.04	0.2492	8342.246	9562.500	104.1760		SA	A	0	SB
23	Spectrogram 1	1	104.082658347	104.082658347	8085.561	8085.561	8062.500	8062.500	-63.69	0.0000	0.000	8062.500	104.0827	FI				
24	Spectrogram 1	1	104.292071625	104.292071625	15401.070	15401.070	15375.000	15375.000	-61.67	0.0000	0.000	15375.000	104.2933	FF				
25	Spectrogram 1	1	105.882985789	106.240843921	12192.513	19379.679	15000.000	15375.000	-73.20	0.3579	7187.166	15000.000	105.9973		SA	A	0	SB
26	Spectrogram 1	1	105.898890595	105.898890595	12449.198	12449.198	12375.000	12375.000	-73.06	0.0000	0.000	12375.000	105.8987	FI				
27	Spectrogram 1	1	106.235542319	106.235542319	18481.283	18481.283	18562.500	18562.500	-76.52	0.0000	0.000	18562.500	106.2347	FF				
28	Spectrogram 1	1	127.609040999	127.920191290	7058.824	17197.861	14437.500	11062.500	-73.55	0.3112	10139.037	14437.500	127.7573		SA	A	0	SB
29	Spectrogram 1	1	127.627784992	127.627784992	8085.561	8085.561	8062.500	8062.500	-77.13	0.0000	0.000	8062.500	127.6267	FI				
30	Spectrogram 1	1	127.908944894	127.908944894	16042.781	16042.781	16125.000	16125.000	-70.05	0.0000	0.000	16125.000	127.9093	FF				
31	Spectrogram 1	1	127.091706779	127.440345058	9368.984	14117.647	10312.500	10312.500	-68.47	0.3486	4748.663	10312.500	127.2267		SA	D	0	SB
32	Spectrogram 1	1	127.106701974	127.106701974	13090.909	13090.909	13125.000	13125.000	-69.54	0.0000	0.000	13125.000	127.1067	FI				
33	Spectrogram 1	1	127.425349863	127.425349863	12449.198	12449.198	12375.000	12375.000	-84.51	0.0000	0.000	12375.000	127.4267	FF				
34	Spectrogram 1	1	134.162995426	134.534126497	6673.797	18224.599	9562.500	9187.500	-74.48	0.3711	11550.802	9562.500	134.3973		SA	A	0	SB
35	Spectrogram 1	1	134.181739420	134.181739420	7187.166	7187.166	7125.000	7125.000	-75.55	0.0000	0.000	7125.000	134.1813	FI				
36	Spectrogram 1	1	134.519131302	134.519131302	17839.572	17839.572	17812.500	17812.500	-71.16	0.0000	0.000	17812.500	134.5200	FF				
37	Spectrogram 1	1	164.751147475	165.036056176	6802.139	17839.572	9375.000	9375.000	-74.44	0.2849	11037.433	9375.000	164.8933		SA	A	0	SB
38	Spectrogram 1	1	164.769891468	164.769891468	7187.166	7187.166	7125.000	7125.000	-66.89	0.0000	0.000	7125.000	164.7707	FI				
39	Spectrogram 1	1	165.006065786	165.006065786	17069.519	17069.519	17062.500	17062.500	-72.65	0.0000	0.000	17062.500	165.0053	FF				
40	Spectrogram 1	1	165.410936045	165.872038284	7957.219	20149.733	17062.500	15750.000	-75.01	0.4611	12192.514	17062.500	165.7307		SA	A	0	SB
41	Spectrogram 1	1	165.425931240	165.425931240	9625.668	9625.668	9562.500	9562.500	-67.33	0.0000	0.000	9562.500	165.4267	FI				
42	Spectrogram 1	1	165.842047895	165.842047895	19251.337	19251.337	19312.500	19312.500	-75.53	0.0000	0.000	19312.500	165.8427	FF				
43	Spectrogram 1	1	170.706361131	171.109282880	9625.668	15529.412	10500.000	10687.500	-73.48	0.4029	5903.744	10500.000	170.9307		SA	D	0	SB
44	Spectrogram 1	1	170.727567539	170.727567539	13989.305	13989.305	14062.500	14062.500	-83.26	0.0000	0.000	14062.500	170.7280	FI				
45	Spectrogram 1	1	171.098679676	171.098679676	14502.674	14502.674	14437.500	14437.500	-93.18	0.0000	0.000	14437.500	171.0987	FF				
46	Spectrogram 1	1	173.980458127	174.356871866	8470.588	19636.364	14062.500	14250.000	-77.15	0.3764	11165.776	14062.500	174.0853		SA	A	0	SB
47	Spectrogram 1	1	174.006966137	174.006966137	9240.642	9240.642	9187.500	9187.500	-70.91	0.0000	0.000	9187.500	174.0080	FI				
48	Spectrogram 1	1	174.330363856	174.330363856	18866.310	18866.310	18937.500	18937.500	-76.13	0.0000	0.000	18937.500	174.3307	FF				
49	Spectrogram 1	1	145.262925261	145.692355020	6930.481	35422.460	15000.000	14812.500	-75.33	0.4294	28491.979	15000.000	145.4640		SA	A	0	SB
50	Spectrogram 1	1	145.289433271	145.289433271	7700.535	7700.535	7687.500	7687.500	-65.46	0.0000	0.000	7687.500	145.2907	FI				
51	Spectrogram 1	1	145.681751816	145.681751816	34267.380	34267.380	34312.500	34312.500	-100.19	0.0000	0.000	34312.500	145.6827	FF				
52	Spectrogram 1	1	166.990219606	167.345426937	7058.824	25925.134	13687.500	11250.000	-75.53	0.3552	18866.310	13687.500	167.2320		SA	A	0	SB
53	Spectrogram 1	1	167.032632422	167.032632422	7700.535	7700.535	7687.500	7687.500	-64.12	0.0000	0.000	7687.500	167.0320	FI				
54	Spectrogram 1	1	167.318918927	167.318918927	24641.711	24641.711	24562.500	24562.500	-90.31	0.0000	0.000	24562.500	167.3200	FF				
55	Spectrogram 1	1	227.072219220	227.475140968	7700.535	25026.738	12187.500	11437.500	-80.08	0.4029	17326.203	12187.500	227.3627		SA	A	0	SB
56	Spectrogram 1	1	227.130536841	227.130536841	7957.219	7957.219	7875.000	7875.000	-70.27	0.0000	0.000	7875.000	227.1307	FI				
57	Spectrogram 1	1	227.438029754	227.438029754	24256.684	24256.684	24187.500	24187.500	-74.30	0.0000	0.000	24187.500	227.4373	FF				
58	Spectrogram 1	1	236.366745937	236.721953268	9368.984	20406.417	18000.000	15562.500	-78.33	0.3552	11037.433	18000.000	236.6373		SA	A	0	SB
59	Spectrogram 1	1	236.393253947	236.393253947	10010.695	10010.695	9937.500	9937.500	-65.93	0.0000	0.000	9937.500	236.3920	FI				
60	Spectrogram 1	1	236.700746861	236.700746861	18866.310	18866.310	18937.500	18937.500	-74.87	0.0000	0.000	18937.500	236.7013	FF				
