Selection	View	Channel	Begin Time (s)	End Time (s)	Low Freq (Hz)	High Freq (Hz)	Max Freq (Hz)	Center Freq (Hz)	Avg Power Density (dB FS)	Delta Time (s)	Delta Freq (Hz)	Peak Freq (Hz)	Peak Time (s)	observacoes	PF_check	modulacao	Pi	sobreposicao
1	Spectrogram 1	1	1.233354770	1.548253860	11165.775	19379.679	18000.000	15000.000	-83.26	0.3149	8213.904	18000.000	1.4427		SA	A	0	SB
2	Spectrogram 1	1	1.252098764	1.252098764	11807.487	11807.487	11812.500	11812.500	-78.02	0.0000	0.000	11812.500	1.2533	FI				
3	Spectrogram 1	1	1.525761068	1.525761068	18866.310	18866.310	18937.500	18937.500	-78.49	0.0000	0.000	18937.500	1.5253	FF				
4	Spectrogram 1	1	2.789106228	3.160237299	8085.561	19893.048	13312.500	13125.000	-81.69	0.3711	11807.487	13312.500	2.9840		SA	A	0	SB
5	Spectrogram 1	1	2.815347819	2.815347819	8598.930	8598.930	8625.000	8625.000	-76.95	0.0000	0.000	8625.000	2.8160	FI				
6	Spectrogram 1	1	3.148990903	3.148990903	19508.021	19508.021	19500.000	19500.000	-92.43	0.0000	0.000	19500.000	3.1493	FF				
7	Spectrogram 1	1	15.806619039	16.166503714	7957.219	19764.706	11625.000	12187.500	-83.68	0.3599	11807.487	11625.000	15.9360		SA	A	0	SB
8	Spectrogram 1	1	15.832860630	15.832860630	8213.904	8213.904	8250.000	8250.000	-74.14	0.0000	0.000	8250.000	15.8320	FI				
9	Spectrogram 1	1	16.162754915	16.162754915	18994.652	18994.652	18937.500	18937.500	-85.15	0.0000	0.000	18937.500	16.1627	FF				
10	Spectrogram 1	1	62.660762646	63.001903328	7315.508	19251.337	9750.000	12187.500	-84.00	0.3411	11935.829	9750.000	62.6667		SA	A	0	SB
11	Spectrogram 1	1	62.679506640	62.679506640	7828.877	7828.877	7875.000	7875.000	-76.97	0.0000	0.000	7875.000	62.6800	FI				
12	Spectrogram 1	1	62.986908133	62.986908133	18352.941	18352.941	18375.000	18375.000	-79.73	0.0000	0.000	18375.000	62.9867	FF				
13	Spectrogram 1	1	21.360929870	21.660833765	9497.326	20278.075	12000.000	12750.000	-83.56	0.2999	10780.749	12000.000	21.4267		SA	A	0	SB
14	Spectrogram 1	1	21.383422662	21.383422662	10267.380	10267.380	10312.500	10312.500	-72.60	0.0000	0.000	10312.500	21.3840	FI				
15	Spectrogram 1	1	21.649587369	21.649587369	19636.364	19636.364	19687.500	19687.500	-82.87	0.0000	0.000	19687.500	21.6507	FF				
16	Spectrogram 1	1	57.178516467	57.512159551	10909.091	16171.123	15000.000	13687.500	-80.56	0.3336	5262.032	15000.000	57.3280		SA	A	0	SB
17	Spectrogram 1	1	57.212255656	57.212255656	11165.775	11165.775	11250.000	11250.000	-68.15	0.0000	0.000	11250.000	57.2133	FI				
18	Spectrogram 1	1	57.485917960	57.485917960	15786.096	15786.096	15750.000	15750.000	-76.18	0.0000	0.000	15750.000	57.4853	FF				
19	Spectrogram 1	1	57.969512992	58.276914485	10010.695	17069.519	11437.500	13125.000	-81.49	0.3074	7058.824	11437.500	57.9947		SA	A	0	SB
20	Spectrogram 1	1	57.992005784	57.992005784	11037.433	11037.433	11062.500	11062.500	-87.36	0.0000	0.000	11062.500	57.9920	FI				
21	Spectrogram 1	1	58.273165686	58.273165686	16299.465	16299.465	16312.500	16312.500	-80.23	0.0000	0.000	16312.500	58.2720	FF				
22	Spectrogram 1	1	133.559930816	134.054772243	9754.011	19764.706	13125.000	13312.500	-81.89	0.4948	10010.695	13125.000	133.7653		SA	A	0	SB
23	Spectrogram 1	1	133.593670004	133.593670004	10139.037	10139.037	10125.000	10125.000	-73.55	0.0000	0.000	10125.000	133.5947	FI				
24	Spectrogram 1	1	134.047274646	134.047274646	19122.995	19122.995	19125.000	19125.000	-93.91	0.0000	0.000	19125.000	134.0480	FF				
25	Spectrogram 1	1	298.845424762	299.261541417	7572.193	14374.332	13500.000	11625.000	-79.57	0.4161	6802.139	13500.000	299.1947		SA	A	0	SB
26	Spectrogram 1	1	298.860419956	298.860419956	7957.219	7957.219	7875.000	7875.000	-82.65	0.0000	0.000	7875.000	298.8613	FI				
27	Spectrogram 1	1	299.246546222	299.246546222	13860.963	13860.963	13875.000	13875.000	-82.21	0.0000	0.000	13875.000	299.2453	FF				
28	Spectrogram 1	1	351.058136375	351.305557088	5390.374	24128.342	13500.000	9562.500	-81.25	0.2474	18737.968	13500.000	351.1520		SA	A	0	SB
29	Spectrogram 1	1	351.073131569	351.073131569	6032.086	6032.086	6000.000	6000.000	-70.78	0.0000	0.000	6000.000	351.0720	FI				
30	Spectrogram 1	1	351.294310692	351.294310692	23614.973	23614.973	23625.000	23625.000	-83.53	0.0000	0.000	23625.000	351.2933	FF				
31	Spectrogram 1	1	474.056688019	474.461558278	8983.957	18096.257	14250.000	13312.500	-80.07	0.4049	9112.300	14250.000	474.1920		NA	A	0	SB
32	Spectrogram 1	1	474.071683214	474.071683214	9368.984	9368.984	9375.000	9375.000	-74.61	0.0000	0.000	9375.000	474.0720	FI				
33	Spectrogram 1	1	474.450311882	474.450311882	17326.203	17326.203	17250.000	17250.000	-86.78	0.0000	0.000	17250.000	474.4507	FF				
34	Spectrogram 1	1	555.679180184	556.012823268	7443.850	15272.727	9000.000	10312.500	-81.78	0.3336	7828.877	9000.000	555.7893		SA	A	0	SB
35	Spectrogram 1	1	555.701672976	555.701672976	7957.219	7957.219	7875.000	7875.000	-83.08	0.0000	0.000	7875.000	555.7013	FI				
36	Spectrogram 1	1	555.997828073	555.997828073	14374.332	14374.332	14437.500	14437.500	-89.47	0.0000	0.000	14437.500	555.9973	FF				
37	Spectrogram 1	1	714.422796721	714.838913376	9112.299	22074.866	11812.500	13125.000	-83.16	0.4161	12962.567	11812.500	714.6587		SA	A	0	SB
38	Spectrogram 1	1	714.445289513	714.445289513	10010.695	10010.695	9937.500	9937.500	-91.33	0.0000	0.000	9937.500	714.4453	FI				
39	Spectrogram 1	1	714.831415779	714.831415779	21561.497	21561.497	21562.500	21562.500	-84.49	0.0000	0.000	21562.500	714.8320	FF				
40	Spectrogram 1	1	715.356247596	715.727378667	10652.406	22716.578	11812.500	15562.500	-82.78	0.3711	12064.172	11812.500	715.5840		SA	A	0	SB
41	Spectrogram 1	1	715.382489187	715.382489187	11165.775	11165.775	11250.000	11250.000	-84.81	0.0000	0.000	11250.000	715.3813	FI				
42	Spectrogram 1	1	715.708634673	715.708634673	22074.866	22074.866	22125.000	22125.000	-83.63	0.0000	0.000	22125.000	715.7093	FF				
43	Spectrogram 1	1	771.150577439	771.397998152	8213.904	16042.781	12187.500	11437.500	-81.78	0.2474	7828.877	12187.500	771.2880		SA	A	0	SB
44	Spectrogram 1	1	771.173070231	771.173070231	8598.930	8598.930	8625.000	8625.000	-82.63	0.0000	0.000	8625.000	771.1733	FI				
45	Spectrogram 1	1	771.390500555	771.390500555	15529.412	15529.412	15562.500	15562.500	-74.14	0.0000	0.000	15562.500	771.3893	FF				
46	Spectrogram 1	1	773.549808602	773.857210095	8342.246	17839.572	12187.500	12187.500	-79.56	0.3074	9497.326	12187.500	773.6453		SA	A	0	SB
47	Spectrogram 1	1	773.579798992	773.579798992	8727.273	8727.273	8812.500	8812.500	-62.61	0.0000	0.000	8812.500	773.5787	FI				
48	Spectrogram 1	1	773.838466102	773.838466102	17069.519	17069.519	17062.500	17062.500	-75.99	0.0000	0.000	17062.500	773.8373	FF				
49	Spectrogram 1	1	902.752821819	903.105208896	6673.797	21048.128	19500.000	18000.000	-79.30	0.3524	14374.331	19500.000	902.9813		SA	A	0	SB
50	Spectrogram 1	1	902.786561007	902.786561007	7187.166	7187.166	7125.000	7125.000	-86.14	0.0000	0.000	7125.000	902.7867	FI				
51	Spectrogram 1	1	903.097711299	903.097711299	20791.444	20791.444	20812.500	20812.500	-90.36	0.0000	0.000	20812.500	903.0987	FF				
52	Spectrogram 1	1	923.922970074	924.177888385	9368.984	20791.444	10875.000	12375.000	-82.28	0.2549	11422.460	10875.000	924.0080		SA	A	0	SB
53	Spectrogram 1	1	923.945462866	923.945462866	9497.326	9497.326	9562.500	9562.500	-81.95	0.0000	0.000	9562.500	923.9467	FI				
54	Spectrogram 1	1	924.166641989	924.166641989	20021.390	20021.390	20062.500	20062.500	-86.20	0.0000	0.000	20062.500	924.1653	FF				
55	Spectrogram 1	1	924.616497832	924.946392117	8983.957	22716.578	11062.500	11625.000	-82.39	0.3299	13732.621	11062.500	924.7280		SA	A	0	SB
56	Spectrogram 1	1	924.638990624	924.638990624	9368.984	9368.984	9375.000	9375.000	-72.92	0.0000	0.000	9375.000	924.6400	FI				
57	Spectrogram 1	1	924.927648123	924.927648123	22203.209	22203.209	22125.000	22125.000	-85.95	0.0000	0.000	22125.000	924.9280	FF				
58	Spectrogram 1	1	928.870815733	929.140729239	9754.011	22588.235	11437.500	13125.000	-81.80	0.2699	12834.224	11437.500	928.9253		SA	A	0	SB
59	Spectrogram 1	1	928.893308526	928.893308526	10139.037	10139.037	10125.000	10125.000	-75.73	0.0000	0.000	10125.000	928.8933	FI				
60	Spectrogram 1	1	929.125734045	929.125734045	21818.182	21818.182	21750.000	21750.000	-77.14	0.0000	0.000	21750.000	929.1253	FF				
61	Spectrogram 1	1	929.549348297	929.830508199	9754.011	21946.524	11625.000	12375.000	-82.68	0.2812	12192.513	11625.000	929.6347		SA	A	0	SB
62	Spectrogram 1	1	929.575589888	929.575589888	10010.695	10010.695	9937.500	9937.500	-79.71	0.0000	0.000	9937.500	929.5760	FI				
63	Spectrogram 1	1	929.808015407	929.808015407	21048.128	21048.128	21000.000	21000.000	-78.87	0.0000	0.000	21000.000	929.8080	FF				
64	Spectrogram 1	1	966.357002936	966.641911637	9112.299	16684.492	15375.000	14625.000	-80.32	0.2849	7572.193	15375.000	966.5173		SA	A	0	SB
65	Spectrogram 1	1	966.379495728	966.379495728	10010.695	10010.695	9937.500	9937.500	-75.24	0.0000	0.000	9937.500	966.3787	FI				
66	Spectrogram 1	1	966.611921247	966.611921247	15914.439	15914.439	15937.500	15937.500	-81.11	0.0000	0.000	15937.500	966.6107	FF				
67	Spectrogram 1	1	983.957570976	984.336199644	6930.481	26951.872	13500.000	12375.000	-81.48	0.3786	20021.391	13500.000	984.2133		SA	A	0	SB
68	Spectrogram 1	1	983.980063768	983.980063768	8085.561	8085.561	8062.500	8062.500	-79.33	0.0000	0.000	8062.500	983.9813	FI				
69	Spectrogram 1	1	984.324953248	984.324953248	26053.476	26053.476	26062.500	26062.500	-84.78	0.0000	0.000	26062.500	984.3253	FF				
70	Spectrogram 1	1	989.524363887	989.790528594	8983.957	19893.048	10125.000	11250.000	-79.83	0.2662	10909.091	10125.000	989.5920		SA	A	0	SB
71	Spectrogram 1	1	989.546856679	989.546856679	9368.984	9368.984	9375.000	9375.000	-76.92	0.0000	0.000	9375.000	989.5467	FI				
72	Spectrogram 1	1	989.764287003	989.764287003	19379.679	19379.679	19312.500	19312.500	-82.02	0.0000	0.000	19312.500	989.7653	FF				
73	Spectrogram 1	1	1085.615568581	1085.941714067	9368.984	18224.599	12000.000	12562.500	-81.40	0.3261	8855.615	12000.000	1085.7227		SA	A	0	SB
74	Spectrogram 1	1	1085.641810172	1085.641810172	9882.353	9882.353	9937.500	9937.500	-76.25	0.0000	0.000	9937.500	1085.6427	FI				
75	Spectrogram 1	1	1085.922970074	1085.922970074	17326.203	17326.203	17250.000	17250.000	-75.80	0.0000	0.000	17250.000	1085.9227	FF				
76	Spectrogram 1	1	1086.129154002	1086.444053092	8213.904	19122.995	14625.000	12937.500	-82.85	0.3149	10909.091	14625.000	1086.3547		SA	A	0	SB
77	Spectrogram 1	1	1086.159144391	1086.159144391	8855.615	8855.615	8812.500	8812.500	-81.78	0.0000	0.000	8812.500	1086.1600	FI				
78	Spectrogram 1	1	1086.425309099	1086.425309099	18481.283	18481.283	18562.500	18562.500	-78.71	0.0000	0.000	18562.500	1086.4240	FF				
79	Spectrogram 1	1	1136.642859792	1137.055227648	7828.877	21946.524	9562.500	13312.500	-83.50	0.4124	14117.647	9562.500	1136.6747		SA	A	0	SB
80	Spectrogram 1	1	1136.654106188	1136.654106188	8727.273	8727.273	8812.500	8812.500	-76.12	0.0000	0.000	8812.500	1136.6533	FI				
81	Spectrogram 1	1	1137.032734856	1137.032734856	21304.813	21304.813	21375.000	21375.000	-84.73	0.0000	0.000	21375.000	1137.0320	FF				
82	Spectrogram 1	1	1195.980596190	1196.254258495	9240.642	18481.283	16500.000	13312.500	-83.39	0.2737	9240.641	16500.000	1196.2053		SA	A	0	SB
83	Spectrogram 1	1	1196.003088982	1196.003088982	9882.353	9882.353	9937.500	9937.500	-70.01	0.0000	0.000	9937.500	1196.0027	FI				
84	Spectrogram 1	1	1196.235514501	1196.235514501	18096.257	18096.257	18187.500	18187.500	-76.59	0.0000	0.000	18187.500	1196.2347	FF				
85	Spectrogram 1	1	1195.238334049	1195.553233139	8342.246	12962.567	10125.000	10125.000	-77.71	0.3149	4620.321	10125.000	1195.4267		SA	A	0	SB
86	Spectrogram 1	1	1195.260826841	1195.260826841	9240.642	9240.642	9187.500	9187.500	-82.03	0.0000	0.000	9187.500	1195.2613	FI				
87	Spectrogram 1	1	1195.538237944	1195.538237944	12064.171	12064.171	12000.000	12000.000	-73.07	0.0000	0.000	12000.000	1195.5387	FF				
88	Spectrogram 1	1	1198.074458648	1198.396855335	9497.326	17839.572	14062.500	13312.500	-83.05	0.3224	8342.246	14062.500	1198.1973		NA	A	0	SB
89	Spectrogram 1	1	1198.096951440	1198.096951440	10267.380	10267.380	10312.500	10312.500	-73.83	0.0000	0.000	10312.500	1198.0960	FI				
90	Spectrogram 1	1	1198.374362543	1198.374362543	17069.519	17069.519	17062.500	17062.500	-80.07	0.0000	0.000	17062.500	1198.3733	FF				
91	Spectrogram 1	1	1205.304437322	1205.581848425	8855.615	14631.016	11812.500	11250.000	-77.82	0.2774	5775.401	11812.500	1205.5307		SA	A	0	SB
92	Spectrogram 1	1	1205.338176510	1205.338176510	9112.299	9112.299	9187.500	9187.500	-72.51	0.0000	0.000	9187.500	1205.3387	FI				
93	Spectrogram 1	1	1205.570602029	1205.570602029	13732.620	13732.620	13687.500	13687.500	-75.35	0.0000	0.000	13687.500	1205.5707	FF				
94	Spectrogram 1	1	1214.536635074	1215.031476502	10395.722	32085.561	12937.500	14625.000	-82.50	0.4948	21689.839	12937.500	1214.6800		SA	A	0	SB
95	Spectrogram 1	1	1214.562876665	1214.562876665	11037.433	11037.433	11062.500	11062.500	-85.35	0.0000	0.000	11062.500	1214.5627	FI				
96	Spectrogram 1	1	1215.005234911	1215.005234911	31572.193	31572.193	31500.000	31500.000	-94.19	0.0000	0.000	31500.000	1215.0053	FF				
97	Spectrogram 1	1	1216.592605168	1216.881262667	9368.984	21946.524	10312.500	12937.500	-81.69	0.2887	12577.540	10312.500	1216.6347		SA	A	0	SB
98	Spectrogram 1	1	1216.611349162	1216.611349162	9882.353	9882.353	9937.500	9937.500	-66.65	0.0000	0.000	9937.500	1216.6107	FI				
99	Spectrogram 1	1	1216.862518674	1216.862518674	21433.155	21433.155	21375.000	21375.000	-72.11	0.0000	0.000	21375.000	1216.8613	FF				
100	Spectrogram 1	1	1259.446071755	1260.057125942	7828.877	20534.759	15562.500	11812.500	-83.85	0.6111	12705.882	15562.500	1259.8880		SA	A	0	SB
101	Spectrogram 1	1	1259.461066950	1259.461066950	8470.588	8470.588	8437.500	8437.500	-81.15	0.0000	0.000	8437.500	1259.4613	FI				
102	Spectrogram 1	1	1260.030884351	1260.030884351	20021.390	20021.390	20062.500	20062.500	-91.63	0.0000	0.000	20062.500	1260.0320	FF				
103	Spectrogram 1	1	1320.156653788	1320.486548073	9497.326	18224.599	15375.000	15562.500	-77.72	0.3299	8727.273	15375.000	1320.3040		SA	A	0	SB
104	Spectrogram 1	1	1320.160402587	1320.160402587	10652.406	10652.406	10687.500	10687.500	-86.08	0.0000	0.000	10687.500	1320.1600	FI				
105	Spectrogram 1	1	1320.467804080	1320.467804080	17967.914	17967.914	18000.000	18000.000	-73.43	0.0000	0.000	18000.000	1320.4667	FF				
106	Spectrogram 1	1	1404.646066234	1404.829757370	7957.219	18096.257	14062.500	12937.500	-80.18	0.1837	10139.038	14062.500	1404.7627		SA	A	0	SB
107	Spectrogram 1	1	1404.672307825	1404.672307825	8598.930	8598.930	8625.000	8625.000	-79.22	0.0000	0.000	8625.000	1404.6720	FI				
108	Spectrogram 1	1	1404.818510974	1404.818510974	16941.176	16941.176	16875.000	16875.000	-78.36	0.0000	0.000	16875.000	1404.8187	FF				
109	Spectrogram 1	1	1411.018848808	1411.356240691	8213.904	21176.471	16125.000	14250.000	-81.53	0.3374	12962.567	16125.000	1411.1413		SA	A	0	SB
110	Spectrogram 1	1	1411.045090399	1411.045090399	8598.930	8598.930	8625.000	8625.000	-87.24	0.0000	0.000	8625.000	1411.0453	FI				
111	Spectrogram 1	1	1411.341245496	1411.341245496	20149.733	20149.733	20062.500	20062.500	-93.77	0.0000	0.000	20062.500	1411.3413	FF				
112	Spectrogram 1	1	1418.161807326	1418.495450409	8470.588	14631.016	11625.000	11437.500	-81.46	0.3336	6160.428	11625.000	1418.3787		SA	A	0	SB
113	Spectrogram 1	1	1418.191797715	1418.191797715	8983.957	8983.957	9000.000	9000.000	-88.43	0.0000	0.000	9000.000	1418.1920	FI				
114	Spectrogram 1	1	1418.465460020	1418.465460020	13860.963	13860.963	13875.000	13875.000	-73.51	0.0000	0.000	13875.000	1418.4667	FF				
115	Spectrogram 1	1	1465.338310673	1465.765673724	10267.380	27465.241	12187.500	12187.500	-79.82	0.4274	17197.861	12187.500	1465.5947		SA	A	0	SB
116	Spectrogram 1	1	1465.357054666	1465.357054666	10780.749	10780.749	10687.500	10687.500	-86.41	0.0000	0.000	10687.500	1465.3573	FI				
117	Spectrogram 1	1	1465.754427328	1465.754427328	26310.160	26310.160	26250.000	26250.000	-87.51	0.0000	0.000	26250.000	1465.7547	FF				
118	Spectrogram 1	1	1472.537892559	1472.800308467	7187.166	17326.203	15562.500	11812.500	-80.54	0.2624	10139.037	15562.500	1472.6987		SA	A	0	SB
119	Spectrogram 1	1	1472.564134150	1472.564134150	8085.561	8085.561	8062.500	8062.500	-70.29	0.0000	0.000	8062.500	1472.5653	FI				
120	Spectrogram 1	1	1472.774066876	1472.774066876	16812.834	16812.834	16875.000	16875.000	-71.71	0.0000	0.000	16875.000	1472.7733	FF				
121	Spectrogram 1	1	1518.750635126	1519.028046230	8598.930	17326.203	13500.000	12187.500	-83.15	0.2774	8727.273	13500.000	1518.9200		SA	A	0	SB
122	Spectrogram 1	1	1518.769379120	1518.769379120	9240.642	9240.642	9187.500	9187.500	-85.33	0.0000	0.000	9187.500	1518.7707	FI				
123	Spectrogram 1	1	1519.016799834	1519.016799834	16556.150	16556.150	16500.000	16500.000	-87.90	0.0000	0.000	16500.000	1519.0160	FF				
124	Spectrogram 1	1	1538.192576217	1538.454992125	6673.797	16941.176	15187.500	14625.000	-77.66	0.2624	10267.379	15187.500	1538.3813		SA	A	0	SB
125	Spectrogram 1	1	1538.215069009	1538.215069009	7572.193	7572.193	7500.000	7500.000	-75.01	0.0000	0.000	7500.000	1538.2160	FI				
126	Spectrogram 1	1	1538.451243327	1538.451243327	16556.150	16556.150	16500.000	16500.000	-69.96	0.0000	0.000	16500.000	1538.4507	FF				
127	Spectrogram 1	1	1540.927876662	1541.336495719	8085.561	16171.123	10312.500	10687.500	-83.08	0.4086	8085.562	10312.500	1541.1920		SA	A	0	SB
128	Spectrogram 1	1	1540.957867051	1540.957867051	8470.588	8470.588	8437.500	8437.500	-98.41	0.0000	0.000	8437.500	1540.9573	FI				
129	Spectrogram 1	1	1541.328998122	1541.328998122	15786.096	15786.096	15750.000	15750.000	-78.20	0.0000	0.000	15750.000	1541.3280	FF				
130	Spectrogram 1	1	1542.397405749	1542.734797632	8213.904	13732.620	9750.000	10687.500	-82.06	0.3374	5518.716	9750.000	1542.4693		SA	A	0	SB
131	Spectrogram 1	1	1542.431144938	1542.431144938	9240.642	9240.642	9187.500	9187.500	-80.41	0.0000	0.000	9187.500	1542.4320	FI				
132	Spectrogram 1	1	1542.727300035	1542.727300035	13475.936	13475.936	13500.000	13500.000	-70.40	0.0000	0.000	13500.000	1542.7280	FF				
133	Spectrogram 1	1	1543.342103020	1543.570779741	6032.086	16941.176	8812.500	9750.000	-81.72	0.2287	10909.090	8812.500	1543.4187		SA	A	0	SB
134	Spectrogram 1	1	1543.360847014	1543.360847014	6288.770	6288.770	6375.000	6375.000	-80.81	0.0000	0.000	6375.000	1543.3600	FI				
135	Spectrogram 1	1	1543.552035747	1543.552035747	16042.781	16042.781	16125.000	16125.000	-74.39	0.0000	0.000	16125.000	1543.5520	FF				
136	Spectrogram 1	1	1607.169452245	1607.416872959	10524.064	18994.652	15187.500	15375.000	-80.21	0.2474	8470.588	15187.500	1607.2507		SA	A	0	SB
137	Spectrogram 1	1	1607.180698641	1607.180698641	11422.460	11422.460	11437.500	11437.500	-88.69	0.0000	0.000	11437.500	1607.1813	FI				
138	Spectrogram 1	1	1607.401877764	1607.401877764	18224.599	18224.599	18187.500	18187.500	-79.08	0.0000	0.000	18187.500	1607.4027	FF				
139	Spectrogram 1	1	1608.256603866	1608.515270976	12705.882	19251.337	14625.000	16312.500	-76.39	0.2587	6545.455	14625.000	1608.3120		SA	A	0	SB
140	Spectrogram 1	1	1608.275347860	1608.275347860	12962.567	12962.567	12937.500	12937.500	-81.81	0.0000	0.000	12937.500	1608.2747	FI				
141	Spectrogram 1	1	1608.496526983	1608.496526983	18481.283	18481.283	18562.500	18562.500	-75.46	0.0000	0.000	18562.500	1608.4960	FF				
142	Spectrogram 1	1	1609.323289999	1609.593203504	9625.668	18737.968	15562.500	14625.000	-80.19	0.2699	9112.300	15562.500	1609.4107		SA	A	0	SB
143	Spectrogram 1	1	1609.342033992	1609.342033992	10267.380	10267.380	10312.500	10312.500	-74.28	0.0000	0.000	10312.500	1609.3413	FI				
144	Spectrogram 1	1	1609.574459511	1609.574459511	18609.626	18609.626	18562.500	18562.500	-83.10	0.0000	0.000	18562.500	1609.5733	FF				
145	Spectrogram 1	1	1611.205186943	1611.542578825	7187.166	17582.888	10875.000	10687.500	-80.35	0.3374	10395.722	10875.000	1611.3520		SA	A	0	SB
146	Spectrogram 1	1	1611.253921326	1611.253921326	7700.535	7700.535	7687.500	7687.500	-75.88	0.0000	0.000	7687.500	1611.2533	FI				
147	Spectrogram 1	1	1611.497593241	1611.497593241	17326.203	17326.203	17250.000	17250.000	-76.13	0.0000	0.000	17250.000	1611.4987	FF				
148	Spectrogram 1	1	1612.180229695	1612.540114370	8855.615	18994.652	12375.000	14437.500	-80.47	0.3599	10139.037	12375.000	1612.2347		SA	A	0	SB
149	Spectrogram 1	1	1612.206471286	1612.206471286	10139.037	10139.037	10125.000	10125.000	-97.31	0.0000	0.000	10125.000	1612.2053	FI				
150	Spectrogram 1	1	1612.525119175	1612.525119175	18481.283	18481.283	18562.500	18562.500	-77.43	0.0000	0.000	18562.500	1612.5253	FF				
151	Spectrogram 1	1	1636.082353819	1636.588441643	10524.064	32983.957	12375.000	13125.000	-81.55	0.5061	22459.893	12375.000	1636.2560		SA	A	0	SB
152	Spectrogram 1	1	1636.123590605	1636.123590605	11165.775	11165.775	11250.000	11250.000	-61.93	0.0000	0.000	11250.000	1636.1227	FI				
153	Spectrogram 1	1	1636.577195247	1636.577195247	32342.246	32342.246	32250.000	32250.000	-82.08	0.0000	0.000	32250.000	1636.5760	FF				
154	Spectrogram 1	1	1645.062144318	1645.485758571	6545.455	19122.995	8625.000	11250.000	-82.43	0.4236	12577.540	8625.000	1645.1707		SA	A	0	SB
155	Spectrogram 1	1	1645.092134708	1645.092134708	7315.508	7315.508	7312.500	7312.500	-83.33	0.0000	0.000	7312.500	1645.0933	FI				
156	Spectrogram 1	1	1645.470763376	1645.470763376	17967.914	17967.914	18000.000	18000.000	-81.13	0.0000	0.000	18000.000	1645.4720	FF				
157	Spectrogram 1	1	1767.642057284	1768.121903517	6673.797	19379.679	9750.000	10687.500	-81.35	0.4798	12705.882	9750.000	1767.8267		SA	A	0	SB
158	Spectrogram 1	1	1767.658773974	1767.658773974	7058.824	7058.824	7125.000	7125.000	-75.43	0.0000	0.000	7125.000	1767.6587	FI				
159	Spectrogram 1	1	1768.104881019	1768.104881019	18737.968	18737.968	18750.000	18750.000	-98.38	0.0000	0.000	18750.000	1768.1040	FF				
160	Spectrogram 1	1	1767.283894105	1767.643778779	8598.930	19764.706	14062.500	11625.000	-80.67	0.3599	11165.776	14062.500	1767.5760		SA	A	0	SB
161	Spectrogram 1	1	1767.295140501	1767.295140501	9368.984	9368.984	9375.000	9375.000	-81.84	0.0000	0.000	9375.000	1767.2960	FI				
162	Spectrogram 1	1	1767.632532383	1767.632532383	19122.995	19122.995	19125.000	19125.000	-82.67	0.0000	0.000	19125.000	1767.6320	FF				
163	Spectrogram 1	1	1768.719634720	1769.251964135	6930.481	18609.626	9000.000	10500.000	-80.54	0.5323	11679.145	9000.000	1768.9040		SA	A	0	SB
164	Spectrogram 1	1	1768.764620304	1768.764620304	7187.166	7187.166	7125.000	7125.000	-82.62	0.0000	0.000	7125.000	1768.7653	FI				
165	Spectrogram 1	1	1769.244466537	1769.244466537	18096.257	18096.257	18187.500	18187.500	-77.97	0.0000	0.000	18187.500	1769.2453	FF				
166	Spectrogram 1	1	1770.682283740	1771.102149194	7187.166	18994.652	10875.000	11625.000	-81.42	0.4199	11807.486	10875.000	1770.8907		SA	A	0	SB
167	Spectrogram 1	1	1770.712274130	1770.712274130	7572.193	7572.193	7500.000	7500.000	-80.11	0.0000	0.000	7500.000	1770.7120	FI				
168	Spectrogram 1	1	1771.094651597	1771.094651597	18224.599	18224.599	18187.500	18187.500	-88.30	0.0000	0.000	18187.500	1771.0933	FF				
169	Spectrogram 1	1	1770.461104617	1770.948448448	10267.380	23614.973	15375.000	14625.000	-82.43	0.4873	13347.593	15375.000	1770.6453		SA	A	0	SB
170	Spectrogram 1	1	1770.483597410	1770.483597410	10780.749	10780.749	10687.500	10687.500	-87.66	0.0000	0.000	10687.500	1770.4827	FI				
171	Spectrogram 1	1	1770.922206857	1770.922206857	22973.262	22973.262	23062.500	23062.500	-89.02	0.0000	0.000	23062.500	1770.9227	FF				
172	Spectrogram 1	1	1780.746720285	1781.196576129	7443.850	17839.572	9562.500	9750.000	-81.35	0.4499	10395.722	9562.500	1780.9493		SA	A	0	SB
173	Spectrogram 1	1	1780.761715480	1780.761715480	7572.193	7572.193	7500.000	7500.000	-81.31	0.0000	0.000	7500.000	1780.7627	FI				
174	Spectrogram 1	1	1781.177832135	1781.177832135	17069.519	17069.519	17062.500	17062.500	-84.04	0.0000	0.000	17062.500	1781.1787	FF				
175	Spectrogram 1	1	1771.241652533	1771.534058831	9882.353	21048.128	9937.500	11812.500	-83.26	0.2924	11165.775	9937.500	1771.2560		SA	A	0	SB
176	Spectrogram 1	1	1771.271642922	1771.271642922	10139.037	10139.037	10125.000	10125.000	-67.13	0.0000	0.000	10125.000	1771.2720	FI				
177	Spectrogram 1	1	1771.526561234	1771.526561234	20278.075	20278.075	20250.000	20250.000	-92.76	0.0000	0.000	20250.000	1771.5253	FF				
