Selection	View	Channel	Begin Time (s)	End Time (s)	Low Freq (Hz)	High Freq (Hz)	Max Freq (Hz)	Center Freq (Hz)	Avg Power Density (dB FS)	Delta Time (s)	Delta Freq (Hz)	Peak Freq (Hz)	Peak Time (s)	observacoes	PF_check	modulacao	Pi	sobreposicao
1	Spectrogram 1	1	59.736787268	59.935473599	11220.207	19271.656	14531.250	14625.000	-81.42	0.1987	8051.449	14531.250	59.8293		SA	A	0	SB
2	Spectrogram 1	1	59.751782463	59.751782463	11640.965	11640.965	11625.000	11625.000	-74.48	0.0000	0.000	11625.000	59.7493	FI				
3	Spectrogram 1	1	59.927976001	59.927976001	18605.600	18605.600	18562.500	18562.500	-77.09	0.0000	0.000	18562.500	59.9253	FF				
4	Spectrogram 1	1	60.130411131	60.280363079	12290.972	20635.302	16312.500	15562.500	-80.09	0.1500	8344.330	16312.500	60.2240		SA	A	0	SB
5	Spectrogram 1	1	60.145406326	60.145406326	12967.540	12967.540	12937.500	12937.500	-83.43	0.0000	0.000	12937.500	60.1440	FI				
6	Spectrogram 1	1	60.272865481	60.272865481	20071.496	20071.496	20062.500	20062.500	-83.85	0.0000	0.000	20062.500	60.2720	FF				
7	Spectrogram 1	1	64.271024589	64.612165270	10712.315	23454.333	11531.250	12000.000	-78.42	0.3411	12742.017	11531.250	64.3733		SA	A	0	SB
8	Spectrogram 1	1	64.282270985	64.282270985	11276.121	11276.121	11250.000	11250.000	-95.47	0.0000	0.000	11250.000	64.2827	FI				
9	Spectrogram 1	1	64.597170076	64.597170076	22890.526	22890.526	22875.000	22875.000	-80.87	0.0000	0.000	22875.000	64.5973	FF				
10	Spectrogram 1	1	187.473673328	187.953519560	7103.956	22665.004	9750.000	12937.500	-87.60	0.4798	15561.048	9750.000	187.5200		SA	A	0	SB
11	Spectrogram 1	1	187.488668522	187.488668522	8006.046	8006.046	7968.750	7968.750	-90.92	0.0000	0.000	7968.750	187.4880	FI				
12	Spectrogram 1	1	187.942273164	187.942273164	22101.198	22101.198	22125.000	22125.000	-88.24	0.0000	0.000	22125.000	187.9413	FF				
13	Spectrogram 1	1	356.245902409	356.590791889	6089.106	21762.914	16500.000	13500.000	-86.01	0.3449	15673.809	16500.000	356.4907		SA	A	0	SB
14	Spectrogram 1	1	356.257148805	356.257148805	7103.956	7103.956	7125.000	7125.000	-88.99	0.0000	0.000	7125.000	356.2560	FI				
15	Spectrogram 1	1	356.587043090	356.587043090	21086.347	21086.347	21093.750	21093.750	-95.81	0.0000	0.000	21093.750	356.5867	FF				
16	Spectrogram 1	1	357.078135719	357.408030004	11050.599	22552.243	16218.750	15656.250	-85.26	0.3299	11501.644	16218.750	357.2907		SA	A	0	SB
17	Spectrogram 1	1	357.093130914	357.093130914	11727.166	11727.166	11718.750	11718.750	-76.50	0.0000	0.000	11718.750	357.0933	FI				
18	Spectrogram 1	1	357.404281206	357.404281206	22213.959	22213.959	22218.750	22218.750	-86.11	0.0000	0.000	22218.750	357.4027	FF				
19	Spectrogram 1	1	438.406565105	438.890160137	7667.763	23454.333	13687.500	13218.750	-86.29	0.4836	15786.570	13687.500	438.4800		SA	A	0	SB
20	Spectrogram 1	1	438.425309099	438.425309099	8386.615	8386.615	8343.750	8343.750	-84.48	0.0000	0.000	8343.750	438.4267	FI				
21	Spectrogram 1	1	438.878913740	438.878913740	22890.526	22890.526	22875.000	22875.000	-96.84	0.0000	0.000	22875.000	438.8800	FF				
22	Spectrogram 1	1	439.544910142	439.867306829	11346.597	25949.174	16125.000	16218.750	-86.48	0.3224	14602.577	16125.000	439.6427		SA	A	0	SB
23	Spectrogram 1	1	439.559905336	439.559905336	11938.594	11938.594	11906.250	11906.250	-73.38	0.0000	0.000	11906.250	439.5573	FI				
24	Spectrogram 1	1	439.867306829	439.867306829	25455.844	25455.844	25500.000	25500.000	-96.04	0.0000	0.000	25500.000	439.8667	FF				
25	Spectrogram 1	1	468.480678072	468.795577162	6511.960	16773.231	9656.250	10968.750	-82.68	0.3149	10261.270	9656.250	468.6027		SA	A	0	SB
26	Spectrogram 1	1	468.499422065	468.499422065	6807.958	6807.958	6843.750	6843.750	-84.60	0.0000	0.000	6843.750	468.5013	FI				
27	Spectrogram 1	1	468.776833168	468.776833168	16477.232	16477.232	16500.000	16500.000	-72.93	0.0000	0.000	16500.000	468.7787	FF				
28	Spectrogram 1	1	481.432427148	481.698591855	12705.234	18604.093	15562.500	15281.250	-84.50	0.2662	5898.859	15562.500	481.4987		SA	A	0	SB
29	Spectrogram 1	1	481.447422343	481.447422343	13340.496	13340.496	13312.500	13312.500	-74.59	0.0000	0.000	13312.500	481.4453	FI				
30	Spectrogram 1	1	481.691094258	481.691094258	17696.576	17696.576	17718.750	17718.750	-96.08	0.0000	0.000	17718.750	481.6907	FF				
31	Spectrogram 1	1	484.722948693	485.082833367	8802.912	26590.240	16125.000	15187.500	-84.01	0.3599	17787.328	16125.000	484.8480		SA	A	0	SB
32	Spectrogram 1	1	484.745441485	484.745441485	9438.174	9438.174	9468.750	9468.750	-78.49	0.0000	0.000	9468.750	484.7467	FI				
33	Spectrogram 1	1	485.064089374	485.064089374	25954.978	25954.978	25968.750	25968.750	-84.97	0.0000	0.000	25968.750	485.0667	FF				
34	Spectrogram 1	1	498.242842959	498.700196400	6352.617	21235.891	8343.750	10781.250	-81.77	0.4574	14883.274	8343.750	498.4160		SA	A	0	SB
35	Spectrogram 1	1	498.265335752	498.265335752	6806.375	6806.375	6843.750	6843.750	-74.89	0.0000	0.000	6843.750	498.2667	FI				
36	Spectrogram 1	1	498.692698803	498.692698803	20782.133	20782.133	20812.500	20812.500	-85.69	0.0000	0.000	20812.500	498.6933	FF				
37	Spectrogram 1	1	517.585717687	518.106800706	7260.134	24865.958	14062.500	14156.250	-86.16	0.5211	17605.824	14062.500	517.7760		SA	A	0	SB
38	Spectrogram 1	1	517.611959278	517.611959278	7623.140	7623.140	7593.750	7593.750	-88.80	0.0000	0.000	7593.750	517.6107	FI				
39	Spectrogram 1	1	518.095554309	518.095554309	24230.697	24230.697	24187.500	24187.500	-93.11	0.0000	0.000	24187.500	518.0960	FF				
40	Spectrogram 1	1	518.939034016	519.313913885	7532.389	23050.925	15562.500	14906.250	-82.35	0.3749	15518.536	15562.500	519.0773		SA	A	0	SB
41	Spectrogram 1	1	518.961526808	518.961526808	7804.644	7804.644	7781.250	7781.250	-77.61	0.0000	0.000	7781.250	518.9600	FI				
42	Spectrogram 1	1	519.313913885	519.313913885	22778.670	22778.670	22781.250	22781.250	-88.40	0.0000	0.000	22781.250	519.3120	FF				
43	Spectrogram 1	1	527.513954256	527.907578119	7713.892	20146.871	15562.500	15281.250	-83.63	0.3936	12432.979	15562.500	527.6480		SA	A	0	SB
44	Spectrogram 1	1	527.532698249	527.532698249	8349.154	8349.154	8343.750	8343.750	-72.43	0.0000	0.000	8343.750	527.5307	FI				
45	Spectrogram 1	1	527.888834125	527.888834125	19783.865	19783.865	19781.250	19781.250	-80.72	0.0000	0.000	19781.250	527.8880	FF				
46	Spectrogram 1	1	545.936703115	546.371563763	7623.140	24775.207	13968.750	14250.000	-85.13	0.4349	17152.066	13968.750	546.0640		SA	A	0	SB
47	Spectrogram 1	1	545.951698310	545.951698310	8167.651	8167.651	8156.250	8156.250	-79.16	0.0000	0.000	8156.250	545.9520	FI				
48	Spectrogram 1	1	546.364066166	546.364066166	24049.193	24049.193	24093.750	24093.750	-88.05	0.0000	0.000	24093.750	546.3627	FF				
49	Spectrogram 1	1	547.608667332	547.938561617	8167.651	26045.730	18187.500	17156.250	-82.09	0.3299	17878.079	18187.500	547.7387		SA	A	0	SB
50	Spectrogram 1	1	547.627411326	547.627411326	8802.912	8802.912	8812.500	8812.500	-88.02	0.0000	0.000	8812.500	547.6267	FI				
51	Spectrogram 1	1	547.919817624	547.919817624	25319.717	25319.717	25312.500	25312.500	-100.83	0.0000	0.000	25312.500	547.9200	FF				
52	Spectrogram 1	1	550.906648156	551.184059260	7623.140	20419.126	17156.250	13500.000	-85.79	0.2774	12795.986	17156.250	551.0187		SA	A	0	SB
53	Spectrogram 1	1	550.932889747	550.932889747	8076.899	8076.899	8062.500	8062.500	-72.59	0.0000	0.000	8062.500	550.9333	FI				
54	Spectrogram 1	1	551.176561662	551.176561662	20056.120	20056.120	20062.500	20062.500	-80.90	0.0000	0.000	20062.500	551.1787	FF				
55	Spectrogram 1	1	554.557890481	554.869040773	8712.161	21598.898	10593.750	12843.750	-86.34	0.3112	12886.737	10593.750	554.5813		SA	A	0	SB
56	Spectrogram 1	1	554.569136877	554.569136877	9256.671	9256.671	9281.250	9281.250	-71.00	0.0000	0.000	9281.250	554.5707	FI				
57	Spectrogram 1	1	554.850296779	554.850296779	21417.395	21417.395	21375.000	21375.000	-86.56	0.0000	0.000	21375.000	554.8480	FF				
58	Spectrogram 1	1	579.025653501	579.415528565	8258.402	24956.710	15937.500	15281.250	-86.22	0.3899	16698.308	15937.500	579.0987		SA	A	0	SB
59	Spectrogram 1	1	579.044397495	579.044397495	8530.657	8530.657	8531.250	8531.250	-82.10	0.0000	0.000	8531.250	579.0453	FI				
60	Spectrogram 1	1	579.415528565	579.415528565	24321.448	24321.448	24281.250	24281.250	-102.63	0.0000	0.000	24281.250	579.4133	FF				
61	Spectrogram 1	1	583.162518161	583.424934070	9256.671	20600.630	14812.500	13406.250	-85.88	0.2624	11343.959	14812.500	583.2693		SA	A	0	SB
62	Spectrogram 1	1	583.192508551	583.192508551	9619.677	9619.677	9656.250	9656.250	-77.11	0.0000	0.000	9656.250	583.1947	FI				
63	Spectrogram 1	1	583.413687674	583.413687674	19874.616	19874.616	19875.000	19875.000	-85.59	0.0000	0.000	19875.000	583.4133	FF				
64	Spectrogram 1	1	584.125959425	584.332143354	12342.227	20963.636	19406.250	16406.250	-85.49	0.2062	8621.409	19406.250	584.3040		SA	A	0	SB
65	Spectrogram 1	1	584.137205822	584.137205822	12886.737	12886.737	12843.750	12843.750	-74.28	0.0000	0.000	12843.750	584.1387	FI				
66	Spectrogram 1	1	584.320896958	584.320896958	20782.133	20782.133	20812.500	20812.500	-84.50	0.0000	0.000	20812.500	584.3200	FF				
67	Spectrogram 1	1	585.530480135	585.770403252	11616.214	22052.656	11812.500	15093.750	-86.16	0.2399	10436.442	11812.500	585.5520		SA	A	0	SB
68	Spectrogram 1	1	585.549224129	585.549224129	11979.221	11979.221	12000.000	12000.000	-84.50	0.0000	0.000	12000.000	585.5467	FI				
69	Spectrogram 1	1	585.762905654	585.762905654	21417.395	21417.395	21375.000	21375.000	-98.29	0.0000	0.000	21375.000	585.7653	FF				
70	Spectrogram 1	1	587.583100324	587.856762629	10980.952	21961.905	15281.250	15562.500	-84.51	0.2737	10980.952	15281.250	587.7120		SA	A	0	SB
71	Spectrogram 1	1	587.609341915	587.609341915	11525.462	11525.462	11531.250	11531.250	-84.14	0.0000	0.000	11531.250	587.6107	FI				
72	Spectrogram 1	1	587.845516233	587.845516233	21054.388	21054.388	21093.750	21093.750	-78.89	0.0000	0.000	21093.750	587.8453	FF				
73	Spectrogram 1	1	592.241452379	592.530109878	10436.442	22052.656	13968.750	14343.750	-86.56	0.2887	11616.214	13968.750	592.3627		SA	A	0	SB
74	Spectrogram 1	1	592.256447574	592.256447574	11162.456	11162.456	11156.250	11156.250	-80.43	0.0000	0.000	11156.250	592.2560	FI				
75	Spectrogram 1	1	592.511365885	592.511365885	21417.395	21417.395	21375.000	21375.000	-89.56	0.0000	0.000	21375.000	592.5120	FF				
76	Spectrogram 1	1	602.957332825	603.403439870	7260.134	22869.421	16125.000	15281.250	-82.01	0.4461	15609.288	16125.000	603.0933		SA	A	0	SB
77	Spectrogram 1	1	602.976076819	602.976076819	7895.396	7895.396	7875.000	7875.000	-77.85	0.0000	0.000	7875.000	602.9760	FI				
78	Spectrogram 1	1	603.395942272	603.395942272	22234.160	22234.160	22218.750	22218.750	-87.73	0.0000	0.000	22218.750	603.3973	FF				
79	Spectrogram 1	1	633.226383324	633.608760791	8802.912	24775.207	17343.750	14625.000	-83.35	0.3824	15972.294	17343.750	633.3387		SA	A	0	SB
80	Spectrogram 1	1	633.248876116	633.248876116	9891.932	9891.932	9937.500	9937.500	-83.44	0.0000	0.000	9937.500	633.2480	FI				
81	Spectrogram 1	1	633.590016797	633.590016797	24139.945	24139.945	24093.750	24093.750	-99.07	0.0000	0.000	24093.750	633.5893	FF				
82	Spectrogram 1	1	638.204257692	638.654113535	7078.630	20872.885	7593.750	11156.250	-83.46	0.4499	13794.254	7593.750	638.2453		SA	A	0	SB
83	Spectrogram 1	1	638.230499282	638.230499282	7350.885	7350.885	7312.500	7312.500	-85.79	0.0000	0.000	7312.500	638.2293	FI				
84	Spectrogram 1	1	638.642031033	638.642031033	20146.871	20146.871	20156.250	20156.250	-89.86	0.0000	0.000	20156.250	638.6400	FF				
85	Spectrogram 1	1	640.465581091	640.772982584	5808.107	30220.307	11437.500	11343.750	-82.52	0.3074	24412.200	11437.500	640.5547		SA	A	0	SB
86	Spectrogram 1	1	640.480576286	640.480576286	6534.120	6534.120	6562.500	6562.500	-67.99	0.0000	0.000	6562.500	640.4800	FI				
87	Spectrogram 1	1	640.765484987	640.765484987	29857.300	29857.300	29812.500	29812.500	-89.14	0.0000	0.000	29812.500	640.7680	FF				
88	Spectrogram 1	1	639.490893431	639.824536514	8076.899	23686.187	8250.000	13500.000	-85.96	0.3336	15609.288	8250.000	639.4933		NA	A	0	SB
89	Spectrogram 1	1	639.502139827	639.502139827	8712.161	8712.161	8718.750	8718.750	-75.77	0.0000	0.000	8718.750	639.5040	FI				
90	Spectrogram 1	1	639.809541320	639.809541320	23232.428	23232.428	23250.000	23250.000	-85.88	0.0000	0.000	23250.000	639.8080	FF				
91	Spectrogram 1	1	642.591505043	642.853920951	7350.885	24593.703	18656.250	17718.750	-83.16	0.2624	17242.818	18656.250	642.7520		SA	A	0	SB
92	Spectrogram 1	1	642.602751439	642.602751439	7804.644	7804.644	7781.250	7781.250	-82.21	0.0000	0.000	7781.250	642.6027	FI				
93	Spectrogram 1	1	642.842674555	642.842674555	23958.442	23958.442	24000.000	24000.000	-95.84	0.0000	0.000	24000.000	642.8427	FF				
94	Spectrogram 1	1	658.449283291	658.790423972	8076.899	26317.985	16500.000	17625.000	-79.77	0.3411	18241.086	16500.000	658.5387		SA	A	0	SB
95	Spectrogram 1	1	658.460529687	658.460529687	8893.664	8893.664	8906.250	8906.250	-89.79	0.0000	0.000	8906.250	658.4587	FI				
96	Spectrogram 1	1	658.782926375	658.782926375	25954.978	25954.978	25968.750	25968.750	-99.48	0.0000	0.000	25968.750	658.7840	FF				
97	Spectrogram 1	1	659.049091082	659.244028614	8893.664	25138.213	18000.000	17625.000	-81.00	0.1949	16244.549	18000.000	659.1200		SA	A	0	SB
98	Spectrogram 1	1	659.060337478	659.060337478	9710.429	9710.429	9750.000	9750.000	-71.08	0.0000	0.000	9750.000	659.0613	FI				
99	Spectrogram 1	1	659.232782218	659.232782218	24684.455	24684.455	24656.250	24656.250	-87.47	0.0000	0.000	24656.250	659.2320	FF				
100	Spectrogram 1	1	659.930058775	660.364919424	8076.899	26771.743	16500.000	17906.250	-82.67	0.4349	18694.845	16500.000	660.0267		SA	A	0	SB
101	Spectrogram 1	1	659.952551567	659.952551567	8530.657	8530.657	8531.250	8531.250	-83.43	0.0000	0.000	8531.250	659.9520	FI				
102	Spectrogram 1	1	660.357421826	660.357421826	25954.978	25954.978	25968.750	25968.750	-92.71	0.0000	0.000	25968.750	660.3573	FF				
103	Spectrogram 1	1	660.743548092	661.020959195	8621.409	24230.697	17625.000	17156.250	-79.00	0.2774	15609.288	17625.000	660.8640		SA	A	0	SB
104	Spectrogram 1	1	660.758543286	660.758543286	9438.174	9438.174	9468.750	9468.750	-66.98	0.0000	0.000	9468.750	660.7573	FI				
105	Spectrogram 1	1	661.013461598	661.013461598	23504.683	23504.683	23531.250	23531.250	-83.62	0.0000	0.000	23531.250	661.0133	FF				
106	Spectrogram 1	1	674.879429036	675.276801698	8076.899	21598.898	8156.250	12375.000	-86.44	0.3974	13521.999	8156.250	674.8960		NA	A	0	SB
107	Spectrogram 1	1	674.905670627	674.905670627	8530.657	8530.657	8531.250	8531.250	-75.19	0.0000	0.000	8531.250	674.9067	FI				
108	Spectrogram 1	1	675.258057705	675.258057705	21326.643	21326.643	21281.250	21281.250	-95.17	0.0000	0.000	21281.250	675.2587	FF				
109	Spectrogram 1	1	675.843266453	676.214397524	7260.134	23686.187	8812.500	12468.750	-84.02	0.3711	16426.053	8812.500	675.9147		SA	A	0	SB
110	Spectrogram 1	1	675.865759245	675.865759245	7623.140	7623.140	7593.750	7593.750	-76.92	0.0000	0.000	7593.750	675.8667	FI				
111	Spectrogram 1	1	676.206899926	676.206899926	23232.428	23232.428	23250.000	23250.000	-89.13	0.0000	0.000	23250.000	676.2080	FF				
112	Spectrogram 1	1	677.200331580	677.593955443	7804.644	25228.965	9656.250	11343.750	-82.89	0.3936	17424.321	9656.250	677.2587		SA	A	0	SB
113	Spectrogram 1	1	677.222824372	677.222824372	8258.402	8258.402	8250.000	8250.000	-90.79	0.0000	0.000	8250.000	677.2213	FI				
114	Spectrogram 1	1	677.578960248	677.578960248	24775.207	24775.207	24750.000	24750.000	-89.10	0.0000	0.000	24750.000	677.5787	FF				
115	Spectrogram 1	1	681.435066641	681.881173686	4900.590	32307.595	10031.250	12562.500	-84.59	0.4461	27407.005	10031.250	681.5573		SA	A	0	SB
116	Spectrogram 1	1	681.453810634	681.453810634	5898.859	5898.859	5906.250	5906.250	-87.39	0.0000	0.000	5906.250	681.4560	FI				
117	Spectrogram 1	1	681.881173686	681.881173686	31944.589	31944.589	31968.750	31968.750	-109.41	0.0000	0.000	31968.750	681.8827	FF				
118	Spectrogram 1	1	683.851323045	684.218705317	7986.147	20600.630	16687.500	15656.250	-83.33	0.3674	12614.482	16687.500	683.9680		SA	A	0	SB
119	Spectrogram 1	1	683.866318239	683.866318239	8530.657	8530.657	8531.250	8531.250	-74.74	0.0000	0.000	8531.250	683.8667	FI				
120	Spectrogram 1	1	684.207458920	684.207458920	18967.100	18967.100	18937.500	18937.500	-85.66	0.0000	0.000	18937.500	684.2080	FF				
121	Spectrogram 1	1	684.876378981	685.198775668	4991.342	28223.770	11156.250	10125.000	-83.65	0.3224	23232.428	11156.250	684.9707		SA	A	0	SB
122	Spectrogram 1	1	684.898871773	684.898871773	5535.852	5535.852	5531.250	5531.250	-76.23	0.0000	0.000	5531.250	684.9013	FI				
123	Spectrogram 1	1	685.172534077	685.172534077	27407.005	27407.005	27375.000	27375.000	-117.97	0.0000	0.000	27375.000	685.1733	FF				
124	Spectrogram 1	1	686.267183296	686.724536737	7260.134	23958.442	16593.750	13968.750	-85.10	0.4574	16698.308	16593.750	686.4320		SA	A	0	SB
125	Spectrogram 1	1	686.300922484	686.300922484	7713.892	7713.892	7687.500	7687.500	-88.48	0.0000	0.000	7687.500	686.2987	FI				
126	Spectrogram 1	1	686.720787938	686.720787938	23413.931	23413.931	23437.500	23437.500	-91.51	0.0000	0.000	23437.500	686.7200	FF				
127	Spectrogram 1	1	688.650495557	688.931655459	6080.362	27679.260	11062.500	12750.000	-83.57	0.2812	21598.898	11062.500	688.7147		SA	A	0	SB
128	Spectrogram 1	1	688.661741953	688.661741953	6806.375	6806.375	6843.750	6843.750	-89.68	0.0000	0.000	6843.750	688.6613	FI				
129	Spectrogram 1	1	688.920409063	688.920409063	26499.488	26499.488	26531.250	26531.250	-92.20	0.0000	0.000	26531.250	688.9227	FF				
130	Spectrogram 1	1	689.400255296	689.782632763	7623.140	25319.717	17906.250	16687.500	-84.51	0.3824	17696.576	17906.250	689.4773		SA	A	0	SB
131	Spectrogram 1	1	689.411501692	689.411501692	8712.161	8712.161	8718.750	8718.750	-79.14	0.0000	0.000	8718.750	689.4133	FI				
132	Spectrogram 1	1	689.778883964	689.778883964	24775.207	24775.207	24750.000	24750.000	-95.03	0.0000	0.000	24750.000	689.7813	FF				
133	Spectrogram 1	1	690.056295067	690.341203768	8349.154	24230.697	18656.250	17343.750	-82.34	0.2849	15881.543	18656.250	690.2133		SA	A	0	SB
134	Spectrogram 1	1	690.071290262	690.071290262	9619.677	9619.677	9656.250	9656.250	-84.71	0.0000	0.000	9656.250	690.0693	FI				
135	Spectrogram 1	1	690.329957372	690.329957372	23595.435	23595.435	23625.000	23625.000	-96.08	0.0000	0.000	23625.000	690.3307	FF				
136	Spectrogram 1	1	693.553792844	693.928672714	8258.402	19148.603	14437.500	13781.250	-83.99	0.3749	10890.201	14437.500	693.7547		SA	A	0	SB
137	Spectrogram 1	1	693.583783234	693.583783234	8712.161	8712.161	8718.750	8718.750	-72.43	0.0000	0.000	8718.750	693.5840	FI				
138	Spectrogram 1	1	693.921175116	693.921175116	18785.596	18785.596	18750.000	18750.000	-73.85	0.0000	0.000	18750.000	693.9200	FF				
139	Spectrogram 1	1	694.845010746	695.152412239	7441.637	24775.207	19406.250	15000.000	-85.75	0.3074	17333.569	19406.250	694.9760		SA	A	0	SB
140	Spectrogram 1	1	694.860005941	694.860005941	8530.657	8530.657	8531.250	8531.250	-79.12	0.0000	0.000	8531.250	694.8587	FI				
141	Spectrogram 1	1	695.144914642	695.144914642	24139.945	24139.945	24093.750	24093.750	-89.03	0.0000	0.000	24093.750	695.1467	FF				
142	Spectrogram 1	1	700.039039379	700.466402430	6715.624	23323.180	8812.500	11343.750	-86.21	0.4274	16607.556	8812.500	700.1120		SA	A	0	SB
143	Spectrogram 1	1	700.054034574	700.054034574	7441.637	7441.637	7406.250	7406.250	-101.59	0.0000	0.000	7406.250	700.0533	FI				
144	Spectrogram 1	1	700.447658437	700.447658437	22869.421	22869.421	22875.000	22875.000	-88.21	0.0000	0.000	22875.000	700.4480	FF				
145	Spectrogram 1	1	729.559215529	729.937844197	7895.396	22234.160	8906.250	15937.500	-81.19	0.3786	14338.764	8906.250	729.6107		SA	A	0	SB
146	Spectrogram 1	1	729.585457120	729.585457120	8349.154	8349.154	8343.750	8343.750	-68.32	0.0000	0.000	8343.750	729.5840	FI				
147	Spectrogram 1	1	729.937844197	729.937844197	21689.650	21689.650	21656.250	21656.250	-95.73	0.0000	0.000	21656.250	729.9360	FF				
148	Spectrogram 1	1	736.727541213	737.233629037	6806.375	22506.415	19875.000	15843.750	-84.57	0.5061	15700.039	19875.000	737.0613		SA	A	0	SB
149	Spectrogram 1	1	736.765029200	736.765029200	7260.134	7260.134	7218.750	7218.750	-74.98	0.0000	0.000	7218.750	736.7627	FI				
150	Spectrogram 1	1	737.218633842	737.218633842	21871.153	21871.153	21843.750	21843.750	-88.29	0.0000	0.000	21843.750	737.2160	FF				
151	Spectrogram 1	1	739.263756434	739.653631498	7895.396	22052.656	19312.500	18375.000	-82.00	0.3899	14157.261	19312.500	739.4720		SA	A	0	SB
152	Spectrogram 1	1	739.289998024	739.289998024	8439.906	8439.906	8437.500	8437.500	-75.19	0.0000	0.000	8437.500	739.2907	FI				
153	Spectrogram 1	1	739.634887504	739.634887504	21871.153	21871.153	21843.750	21843.750	-75.29	0.0000	0.000	21843.750	739.6373	FF				
154	Spectrogram 1	1	740.118482536	740.474618412	7804.644	23958.442	19500.000	19312.500	-82.83	0.3561	16153.798	19500.000	740.3413		SA	A	0	SB
155	Spectrogram 1	1	740.140975328	740.140975328	8349.154	8349.154	8343.750	8343.750	-77.72	0.0000	0.000	8343.750	740.1387	FI				
156	Spectrogram 1	1	740.467120814	740.467120814	23141.676	23141.676	23156.250	23156.250	-95.36	0.0000	0.000	23156.250	740.4693	FF				
157	Spectrogram 1	1	744.588165140	745.068011373	6806.375	22052.656	18656.250	17437.500	-84.40	0.4798	15246.281	18656.250	744.8693		SA	A	0	SB
158	Spectrogram 1	1	744.610657932	744.610657932	7169.382	7169.382	7125.000	7125.000	-81.91	0.0000	0.000	7125.000	744.6080	FI				
159	Spectrogram 1	1	745.064262574	745.064262574	21326.643	21326.643	21281.250	21281.250	-99.31	0.0000	0.000	21281.250	745.0667	FF				
160	Spectrogram 1	1	760.872902063	761.206545147	8439.906	21961.905	17812.500	14812.500	-87.81	0.3336	13521.999	17812.500	760.9813		SA	A	0	SB
161	Spectrogram 1	1	760.895394855	760.895394855	8893.664	8893.664	8906.250	8906.250	-71.12	0.0000	0.000	8906.250	760.8960	FI				
162	Spectrogram 1	1	761.202796348	761.202796348	21417.395	21417.395	21375.000	21375.000	-97.39	0.0000	0.000	21375.000	761.2053	FF				
163	Spectrogram 1	1	761.558932224	761.798855340	8621.409	22960.173	17437.500	15187.500	-84.72	0.2399	14338.764	17437.500	761.6640		SA	A	0	SB
164	Spectrogram 1	1	761.577676217	761.577676217	9165.919	9165.919	9187.500	9187.500	-75.99	0.0000	0.000	9187.500	761.5787	FI				
165	Spectrogram 1	1	761.798855340	761.798855340	22415.663	22415.663	22406.250	22406.250	-88.94	0.0000	0.000	22406.250	761.7973	FF				
166	Spectrogram 1	1	763.412866082	763.656537997	7350.885	22869.421	17625.000	17531.250	-78.97	0.2437	15518.536	17625.000	763.5520		SA	A	0	SB
167	Spectrogram 1	1	763.427861277	763.427861277	7895.396	7895.396	7875.000	7875.000	-72.77	0.0000	0.000	7875.000	763.4293	FI				
168	Spectrogram 1	1	763.649040399	763.649040399	22143.408	22143.408	22125.000	22125.000	-88.26	0.0000	0.000	22125.000	763.6480	FF				
169	Spectrogram 1	1	768.616870535	769.002996800	7441.637	22052.656	13218.750	13968.750	-82.88	0.3861	14611.019	13218.750	768.7413		SA	A	0	SB
170	Spectrogram 1	1	768.635614528	768.635614528	7804.644	7804.644	7781.250	7781.250	-73.45	0.0000	0.000	7781.250	768.6347	FI				
171	Spectrogram 1	1	768.995499203	768.995499203	21598.898	21598.898	21562.500	21562.500	-85.78	0.0000	0.000	21562.500	768.9973	FF				
172	Spectrogram 1	1	771.388423967	771.800791824	7078.630	23232.428	17250.000	14625.000	-83.14	0.4124	16153.798	17250.000	771.5787		SA	A	0	SB
173	Spectrogram 1	1	771.418414357	771.418414357	7350.885	7350.885	7312.500	7312.500	-75.40	0.0000	0.000	7312.500	771.4187	FI				
174	Spectrogram 1	1	771.797043025	771.797043025	22869.421	22869.421	22875.000	22875.000	-94.81	0.0000	0.000	22875.000	771.7973	FF				
175	Spectrogram 1	1	783.425072752	783.833691809	7350.885	24049.193	17906.250	15187.500	-84.51	0.4086	16698.308	17906.250	783.6267		SA	A	0	SB
176	Spectrogram 1	1	783.458811940	783.458811940	7623.140	7623.140	7593.750	7593.750	-82.87	0.0000	0.000	7593.750	783.4613	FI				
177	Spectrogram 1	1	783.826194212	783.826194212	23413.931	23413.931	23437.500	23437.500	-92.56	0.0000	0.000	23437.500	783.8240	FF				
178	Spectrogram 1	1	803.114921052	803.572274493	6987.879	22506.415	10312.500	12093.750	-84.32	0.4574	15518.536	10312.500	803.2320		SA	A	0	SB
179	Spectrogram 1	1	803.129916247	803.129916247	7441.637	7441.637	7406.250	7406.250	-79.73	0.0000	0.000	7406.250	803.1307	FI				
180	Spectrogram 1	1	803.549781701	803.549781701	22234.160	22234.160	22218.750	22218.750	-81.78	0.0000	0.000	22218.750	803.5520	FF				
181	Spectrogram 1	1	804.029627933	804.374517413	8076.899	23323.180	19500.000	15562.500	-86.32	0.3449	15246.281	19500.000	804.1813		SA	A	0	SB
182	Spectrogram 1	1	804.055869524	804.055869524	8530.657	8530.657	8531.250	8531.250	-82.73	0.0000	0.000	8531.250	804.0533	FI				
183	Spectrogram 1	1	804.359522219	804.359522219	22778.670	22778.670	22781.250	22781.250	-89.28	0.0000	0.000	22781.250	804.3573	FF				
184	Spectrogram 1	1	816.850966843	817.192107524	8349.154	20963.636	17250.000	15562.500	-84.62	0.3411	12614.482	17250.000	816.9600		SA	A	0	SB
185	Spectrogram 1	1	816.869710836	816.869710836	8893.664	8893.664	8906.250	8906.250	-71.68	0.0000	0.000	8906.250	816.8693	FI				
186	Spectrogram 1	1	817.180861128	817.180861128	20328.375	20328.375	20343.750	20343.750	-95.88	0.0000	0.000	20343.750	817.1787	FF				
187	Spectrogram 1	1	830.953987135	831.385098985	7260.134	24684.455	10125.000	16781.250	-82.84	0.4311	17424.321	10125.000	831.0507		SA	A	0	SB
188	Spectrogram 1	1	830.972731129	830.972731129	7804.644	7804.644	7781.250	7781.250	-77.87	0.0000	0.000	7781.250	830.9707	FI				
189	Spectrogram 1	1	831.370103790	831.370103790	23595.435	23595.435	23625.000	23625.000	-84.22	0.0000	0.000	23625.000	831.3707	FF				
190	Spectrogram 1	1	832.374781840	832.727168917	7804.644	24775.207	18093.750	17625.000	-82.82	0.3524	16970.563	18093.750	832.5280		SA	A	0	SB
191	Spectrogram 1	1	832.389777035	832.389777035	8258.402	8258.402	8250.000	8250.000	-74.31	0.0000	0.000	8250.000	832.3893	FI				
192	Spectrogram 1	1	832.723420119	832.723420119	24049.193	24049.193	24093.750	24093.750	-88.12	0.0000	0.000	24093.750	832.7253	FF				
193	Spectrogram 1	1	835.318737582	835.674873458	8167.651	26045.730	15750.000	15468.750	-84.80	0.3561	17878.079	15750.000	835.4080		SA	A	0	SB
194	Spectrogram 1	1	835.337481576	835.337481576	8439.906	8439.906	8437.500	8437.500	-78.91	0.0000	0.000	8437.500	835.3387	FI				
195	Spectrogram 1	1	835.667375861	835.667375861	25228.965	25228.965	25218.750	25218.750	-91.42	0.0000	0.000	25218.750	835.6693	FF				
196	Spectrogram 1	1	837.112690661	837.487570530	7441.637	21689.650	11156.250	12281.250	-84.52	0.3749	14248.013	11156.250	837.2427		SA	A	0	SB
197	Spectrogram 1	1	837.138932252	837.138932252	8076.899	8076.899	8062.500	8062.500	-84.73	0.0000	0.000	8062.500	837.1413	FI				
198	Spectrogram 1	1	837.472575336	837.472575336	21054.388	21054.388	21093.750	21093.750	-94.12	0.0000	0.000	21093.750	837.4720	FF				
199	Spectrogram 1	1	849.156003679	849.470902769	7623.140	23686.187	18000.000	14625.000	-87.62	0.3149	16063.046	18000.000	849.2533		SA	A	0	SB
200	Spectrogram 1	1	849.170998873	849.170998873	8349.154	8349.154	8343.750	8343.750	-78.01	0.0000	0.000	8343.750	849.1733	FI				
201	Spectrogram 1	1	849.463405172	849.463405172	23323.180	23323.180	23343.750	23343.750	-82.74	0.0000	0.000	23343.750	849.4613	FF				
202	Spectrogram 1	1	850.599291176	850.992915039	6171.114	22960.173	8437.500	10500.000	-86.09	0.3936	16789.059	8437.500	850.6560		SA	A	0	SB
203	Spectrogram 1	1	850.610537572	850.610537572	6806.375	6806.375	6843.750	6843.750	-82.68	0.0000	0.000	6843.750	850.6080	FI				
204	Spectrogram 1	1	850.966673448	850.966673448	22597.166	22597.166	22593.750	22593.750	-81.67	0.0000	0.000	22593.750	850.9653	FF				
205	Spectrogram 1	1	864.062073555	864.459446217	6987.879	21508.146	10500.000	13312.500	-85.45	0.3974	14520.268	10500.000	864.1333		SA	A	0	SB
206	Spectrogram 1	1	864.088315146	864.088315146	7895.396	7895.396	7875.000	7875.000	-77.88	0.0000	0.000	7875.000	864.0907	FI				
207	Spectrogram 1	1	864.440702223	864.440702223	20782.133	20782.133	20812.500	20812.500	-82.76	0.0000	0.000	20812.500	864.4427	FF				
208	Spectrogram 1	1	866.278405887	866.638290562	10164.187	24593.703	17718.750	17812.500	-85.52	0.3599	14429.516	17718.750	866.3520		SA	A	0	SB
209	Spectrogram 1	1	866.289652283	866.289652283	10980.952	10980.952	10968.750	10968.750	-77.27	0.0000	0.000	10968.750	866.2880	FI				
210	Spectrogram 1	1	866.619546568	866.619546568	24049.193	24049.193	24093.750	24093.750	-99.97	0.0000	0.000	24093.750	866.6187	FF				
211	Spectrogram 1	1	878.107635744	878.568737984	7986.147	24865.958	16500.000	16031.250	-84.64	0.4611	16879.811	16500.000	878.2613		SA	A	0	SB
212	Spectrogram 1	1	878.126379738	878.126379738	8167.651	8167.651	8156.250	8156.250	-80.63	0.0000	0.000	8156.250	878.1280	FI				
213	Spectrogram 1	1	878.561240386	878.561240386	24321.448	24321.448	24281.250	24281.250	-96.62	0.0000	0.000	24281.250	878.5600	FF				
214	Spectrogram 1	1	888.651470344	888.902639857	7804.644	22234.160	19500.000	17062.500	-84.61	0.2512	14429.516	19500.000	888.8320		SA	A	0	SB
215	Spectrogram 1	1	888.658967942	888.658967942	8621.409	8621.409	8625.000	8625.000	-80.38	0.0000	0.000	8625.000	888.6613	FI				
216	Spectrogram 1	1	888.895142260	888.895142260	21780.401	21780.401	21750.000	21750.000	-91.38	0.0000	0.000	21750.000	888.8960	FF				
217	Spectrogram 1	1	889.868551119	890.157208619	7713.892	21780.401	17812.500	17250.000	-80.54	0.2887	14066.509	17812.500	890.0053		SA	A	0	SB
218	Spectrogram 1	1	889.883546314	889.883546314	8439.906	8439.906	8437.500	8437.500	-69.50	0.0000	0.000	8437.500	889.8827	FI				
219	Spectrogram 1	1	890.142213424	890.142213424	21145.140	21145.140	21187.500	21187.500	-104.49	0.0000	0.000	21187.500	890.1440	FF				
220	Spectrogram 1	1	903.538796227	903.827453727	6534.120	23595.435	18937.500	19312.500	-78.90	0.2887	17061.314	18937.500	903.6480		SA	A	0	SB
221	Spectrogram 1	1	903.550042624	903.550042624	8258.402	8258.402	8250.000	8250.000	-78.29	0.0000	0.000	8250.000	903.5520	FI				
222	Spectrogram 1	1	903.816207331	903.816207331	23141.676	23141.676	23156.250	23156.250	-95.07	0.0000	0.000	23156.250	903.8187	FF				
223	Spectrogram 1	1	905.077830995	905.381483689	8712.161	24865.958	17437.500	18375.000	-78.04	0.3037	16153.798	17437.500	905.1520		SA	A	0	SB
224	Spectrogram 1	1	905.089077391	905.089077391	9256.671	9256.671	9281.250	9281.250	-70.31	0.0000	0.000	9281.250	905.0880	FI				
225	Spectrogram 1	1	905.373986092	905.373986092	24230.697	24230.697	24187.500	24187.500	-92.70	0.0000	0.000	24187.500	905.3760	FF				
226	Spectrogram 1	1	905.801349143	906.093755441	8167.651	23504.683	18937.500	18281.250	-80.42	0.2924	15337.033	18937.500	905.9413		SA	A	0	SB
227	Spectrogram 1	1	905.808846740	905.808846740	8984.416	8984.416	9000.000	9000.000	-84.08	0.0000	0.000	9000.000	905.8080	FI				
228	Spectrogram 1	1	906.082509045	906.082509045	22869.421	22869.421	22875.000	22875.000	-99.89	0.0000	0.000	22875.000	906.0800	FF				
229	Spectrogram 1	1	906.532769265	906.855165953	6897.127	21961.905	19500.000	19125.000	-77.03	0.3224	15064.778	19500.000	906.7787		SA	A	0	SB
230	Spectrogram 1	1	906.555262057	906.555262057	7260.134	7260.134	7218.750	7218.750	-86.70	0.0000	0.000	7218.750	906.5547	FI				
231	Spectrogram 1	1	906.847668355	906.847668355	20963.636	20963.636	21000.000	21000.000	-82.61	0.0000	0.000	21000.000	906.8480	FF				
232	Spectrogram 1	1	924.510695363	924.945556011	7804.644	20237.623	10500.000	14531.250	-80.13	0.4349	12432.979	10500.000	924.6133		SA	A	0	SB
233	Spectrogram 1	1	924.533188155	924.533188155	8349.154	8349.154	8343.750	8343.750	-96.70	0.0000	0.000	8343.750	924.5333	FI				
234	Spectrogram 1	1	924.934309615	924.934309615	19965.368	19965.368	19968.750	19968.750	-80.05	0.0000	0.000	19968.750	924.9333	FF				
235	Spectrogram 1	1	936.850985876	937.248358537	6806.375	26045.730	18468.750	18000.000	-82.10	0.3974	19239.355	18468.750	937.0613		SA	A	0	SB
236	Spectrogram 1	1	936.858483473	936.858483473	7532.389	7532.389	7500.000	7500.000	-73.05	0.0000	0.000	7500.000	936.8587	FI				
237	Spectrogram 1	1	937.240860940	937.240860940	25410.468	25410.468	25406.250	25406.250	-100.31	0.0000	0.000	25406.250	937.2427	FF				
238	Spectrogram 1	1	938.185519892	938.631626937	7350.885	28859.032	10687.500	13406.250	-86.03	0.4461	21508.146	10687.500	938.3253		SA	A	0	SB
239	Spectrogram 1	1	938.200515087	938.200515087	7986.147	7986.147	7968.750	7968.750	-85.38	0.0000	0.000	7968.750	938.2027	FI				
240	Spectrogram 1	1	938.620380541	938.620380541	27951.515	27951.515	27937.500	27937.500	-95.80	0.0000	0.000	27937.500	938.6187	FF				
241	Spectrogram 1	1	950.054702251	950.508306893	7532.389	25047.462	10500.000	15281.250	-84.52	0.4536	17515.073	10500.000	950.1387		SA	A	0	SB
242	Spectrogram 1	1	950.073446245	950.073446245	7895.396	7895.396	7875.000	7875.000	-72.71	0.0000	0.000	7875.000	950.0747	FI				
243	Spectrogram 1	1	950.497060497	950.497060497	24502.952	24502.952	24468.750	24468.750	-83.55	0.0000	0.000	24468.750	950.4960	FF				
244	Spectrogram 1	1	956.474153587	956.804047872	6352.617	20963.636	18843.750	14718.750	-84.75	0.3299	14611.019	18843.750	956.6667		SA	A	0	SB
245	Spectrogram 1	1	956.492897580	956.492897580	7078.630	7078.630	7125.000	7125.000	-86.82	0.0000	0.000	7125.000	956.4907	FI				
246	Spectrogram 1	1	956.792801476	956.792801476	20600.630	20600.630	20625.000	20625.000	-74.08	0.0000	0.000	20625.000	956.7947	FF				
247	Spectrogram 1	1	961.563655810	961.923540484	7441.637	24775.207	18656.250	16031.250	-82.06	0.3599	17333.569	18656.250	961.7173		SA	A	0	SB
248	Spectrogram 1	1	961.589897401	961.589897401	7986.147	7986.147	7968.750	7968.750	-72.57	0.0000	0.000	7968.750	961.5893	FI				
249	Spectrogram 1	1	961.908545290	961.908545290	24139.945	24139.945	24093.750	24093.750	-85.84	0.0000	0.000	24093.750	961.9093	FF				
250	Spectrogram 1	1	965.067858880	965.540207516	7532.389	23141.676	19218.750	18000.000	-78.20	0.4723	15609.288	19218.750	965.3600		SA	A	0	SB
251	Spectrogram 1	1	965.090351672	965.090351672	8167.651	8167.651	8156.250	8156.250	-68.67	0.0000	0.000	8156.250	965.0880	FI				
252	Spectrogram 1	1	965.525212321	965.525212321	22778.670	22778.670	22781.250	22781.250	-84.84	0.0000	0.000	22781.250	965.5253	FF				
253	Spectrogram 1	1	967.956865554	968.432962988	7260.134	23141.676	15187.500	15562.500	-82.58	0.4761	15881.543	15187.500	968.1333		SA	A	0	SB
254	Spectrogram 1	1	967.979358347	967.979358347	7895.396	7895.396	7875.000	7875.000	-87.96	0.0000	0.000	7875.000	967.9787	FI				
255	Spectrogram 1	1	968.421716592	968.421716592	22234.160	22234.160	22218.750	22218.750	-81.04	0.0000	0.000	22218.750	968.4213	FF				
256	Spectrogram 1	1	973.746901154	974.178013004	7350.885	24865.958	9187.500	13687.500	-84.19	0.4311	17515.073	9187.500	973.8400		SA	A	0	SB
257	Spectrogram 1	1	973.769393946	973.769393946	7623.140	7623.140	7593.750	7593.750	-69.11	0.0000	0.000	7593.750	973.7707	FI				
258	Spectrogram 1	1	974.166766608	974.166766608	24049.193	24049.193	24093.750	24093.750	-93.47	0.0000	0.000	24093.750	974.1653	FF				
259	Spectrogram 1	1	978.246180737	978.613563009	6897.127	25954.978	17625.000	15093.750	-86.42	0.3674	19057.851	17625.000	978.3840		SA	A	0	SB
260	Spectrogram 1	1	978.268673529	978.268673529	7350.885	7350.885	7312.500	7312.500	-94.00	0.0000	0.000	7312.500	978.2667	FI				
261	Spectrogram 1	1	978.602316613	978.602316613	25591.972	25591.972	25593.750	25593.750	-82.90	0.0000	0.000	25593.750	978.6027	FF				
262	Spectrogram 1	1	980.617006120	980.883170827	7623.140	21871.153	14812.500	15187.500	-79.75	0.2662	14248.013	14812.500	980.6987		SA	A	0	SB
263	Spectrogram 1	1	980.632001314	980.632001314	8167.651	8167.651	8156.250	8156.250	-72.73	0.0000	0.000	8156.250	980.6347	FI				
264	Spectrogram 1	1	980.871924431	980.871924431	21508.146	21508.146	21468.750	21468.750	-87.04	0.0000	0.000	21468.750	980.8693	FF				
265	Spectrogram 1	1	981.899095273	982.266477545	7441.637	24321.448	16687.500	14437.500	-85.64	0.3674	16879.811	16687.500	982.0160		SA	A	0	SB
266	Spectrogram 1	1	981.929085662	981.929085662	7895.396	7895.396	7875.000	7875.000	-84.45	0.0000	0.000	7875.000	981.9307	FI				
267	Spectrogram 1	1	982.255231149	982.255231149	23776.938	23776.938	23812.500	23812.500	-84.59	0.0000	0.000	23812.500	982.2560	FF				
268	Spectrogram 1	1	984.462388190	984.766040884	8167.651	21417.395	10781.250	13875.000	-84.98	0.3037	13249.744	10781.250	984.5067		SA	A	0	SB
269	Spectrogram 1	1	984.488629780	984.488629780	8893.664	8893.664	8906.250	8906.250	-72.74	0.0000	0.000	8906.250	984.4907	FI				
270	Spectrogram 1	1	984.747296890	984.747296890	20872.885	20872.885	20906.250	20906.250	-79.34	0.0000	0.000	20906.250	984.7467	FF				
271	Spectrogram 1	1	990.010031394	990.414901652	7986.147	26771.743	19218.750	16218.750	-82.99	0.4049	18785.596	19218.750	990.1867		SA	A	0	SB
272	Spectrogram 1	1	990.043770582	990.043770582	8258.402	8258.402	8250.000	8250.000	-79.96	0.0000	0.000	8250.000	990.0427	FI				
273	Spectrogram 1	1	990.407404055	990.407404055	26590.240	26590.240	26625.000	26625.000	-85.32	0.0000	0.000	26625.000	990.4053	FF				
274	Spectrogram 1	1	990.654824769	990.920989476	11525.462	26680.992	19687.500	16500.000	-84.09	0.2662	15155.529	19687.500	990.8267		SA	A	0	SB
275	Spectrogram 1	1	990.688563957	990.688563957	11888.469	11888.469	11906.250	11906.250	-75.79	0.0000	0.000	11906.250	990.6880	FI				
276	Spectrogram 1	1	990.909743080	990.909743080	25773.475	25773.475	25781.250	25781.250	-87.89	0.0000	0.000	25781.250	990.9120	FF				
277	Spectrogram 1	1	1002.821801601	1003.204179067	6624.872	23141.676	19125.000	14250.000	-85.96	0.3824	16516.804	19125.000	1003.0827		SA	A	0	SB
278	Spectrogram 1	1	1002.848043191	1002.848043191	7260.134	7260.134	7218.750	7218.750	-89.53	0.0000	0.000	7218.750	1002.8480	FI				
279	Spectrogram 1	1	1003.192932671	1003.192932671	22960.173	22960.173	22968.750	22968.750	-89.35	0.0000	0.000	22968.750	1003.1947	FF				
280	Spectrogram 1	1	1003.571561339	1003.935194813	6987.879	25047.462	10687.500	13125.000	-86.34	0.3636	18059.583	10687.500	1003.6373		SA	A	0	SB
281	Spectrogram 1	1	1003.590305333	1003.590305333	7350.885	7350.885	7312.500	7312.500	-78.10	0.0000	0.000	7312.500	1003.5893	FI				
282	Spectrogram 1	1	1003.923948417	1003.923948417	24502.952	24502.952	24468.750	24468.750	-101.11	0.0000	0.000	24468.750	1003.9253	FF				
283	Spectrogram 1	1	1005.138515392	1005.505897664	7895.396	25410.468	12093.750	14625.000	-83.06	0.3674	17515.073	12093.750	1005.2053		SA	A	0	SB
284	Spectrogram 1	1	1005.153510587	1005.153510587	8349.154	8349.154	8343.750	8343.750	-93.52	0.0000	0.000	8343.750	1005.1520	FI				
285	Spectrogram 1	1	1005.498400067	1005.498400067	24593.703	24593.703	24562.500	24562.500	-81.89	0.0000	0.000	24562.500	1005.4987	FF				
286	Spectrogram 1	1	1021.102981499	1021.406634193	8258.402	21054.388	20156.250	17437.500	-82.38	0.3037	12795.986	20156.250	1021.3333		SA	A	0	SB
287	Spectrogram 1	1	1021.129223090	1021.129223090	8893.664	8893.664	8906.250	8906.250	-73.25	0.0000	0.000	8906.250	1021.1307	FI				
288	Spectrogram 1	1	1021.399136596	1021.399136596	20509.878	20509.878	20531.250	20531.250	-74.65	0.0000	0.000	20531.250	1021.3973	FF				
289	Spectrogram 1	1	1023.702887979	1024.122753433	7350.885	25047.462	16218.750	15093.750	-84.44	0.4199	17696.576	16218.750	1023.8560		SA	A	0	SB
290	Spectrogram 1	1	1023.717883174	1023.717883174	8621.409	8621.409	8625.000	8625.000	-93.91	0.0000	0.000	8625.000	1023.7173	FI				
291	Spectrogram 1	1	1024.119004634	1024.119004634	23867.690	23867.690	23906.250	23906.250	-109.32	0.0000	0.000	23906.250	1024.1173	FF				
292	Spectrogram 1	1	1026.998830534	1027.313729624	7804.644	24684.455	17156.250	17062.500	-79.82	0.3149	16879.811	17156.250	1027.1093		SA	A	0	SB
293	Spectrogram 1	1	1027.017574527	1027.017574527	8439.906	8439.906	8437.500	8437.500	-84.58	0.0000	0.000	8437.500	1027.0187	FI				
294	Spectrogram 1	1	1027.313729624	1027.313729624	23413.931	23413.931	23437.500	23437.500	-87.89	0.0000	0.000	23437.500	1027.3120	FF				
295	Spectrogram 1	1	1027.531159948	1027.876049428	6443.369	14248.013	9468.750	9375.000	-83.09	0.3449	7804.644	9468.750	1027.7333		SA	A	0	SB
296	Spectrogram 1	1	1027.538657546	1027.538657546	6987.879	6987.879	7031.250	7031.250	-80.29	0.0000	0.000	7031.250	1027.5360	FI				
297	Spectrogram 1	1	1027.864803032	1027.864803032	13794.254	13794.254	13781.250	13781.250	-85.11	0.0000	0.000	13781.250	1027.8667	FF				
298	Spectrogram 1	1	1028.880727478	1029.274351341	7623.140	24956.710	9187.500	14437.500	-83.73	0.3936	17333.569	9187.500	1028.9440		SA	A	0	SB
299	Spectrogram 1	1	1028.906969069	1028.906969069	7804.644	7804.644	7781.250	7781.250	-79.02	0.0000	0.000	7781.250	1028.9067	FI				
300	Spectrogram 1	1	1029.266853743	1029.266853743	24412.200	24412.200	24375.000	24375.000	-93.47	0.0000	0.000	24375.000	1029.2693	FF				
301	Spectrogram 1	1	1037.076579097	1037.376482992	7986.147	26590.240	18000.000	16875.000	-83.23	0.2999	18604.093	18000.000	1037.1893		SA	A	0	SB
302	Spectrogram 1	1	1037.095323090	1037.095323090	8621.409	8621.409	8625.000	8625.000	-81.64	0.0000	0.000	8625.000	1037.0933	FI				
303	Spectrogram 1	1	1037.365236596	1037.365236596	25228.965	25228.965	25218.750	25218.750	-88.31	0.0000	0.000	25218.750	1037.3653	FF				
304	Spectrogram 1	1	1037.860078024	1038.122493932	7986.147	23776.938	20156.250	18562.500	-81.70	0.2624	15790.791	20156.250	1038.0533		SA	A	0	SB
305	Spectrogram 1	1	1037.878822017	1037.878822017	8530.657	8530.657	8531.250	8531.250	-78.43	0.0000	0.000	8531.250	1037.8773	FI				
306	Spectrogram 1	1	1038.118745133	1038.118745133	23141.676	23141.676	23156.250	23156.250	-88.03	0.0000	0.000	23156.250	1038.1173	FF				
307	Spectrogram 1	1	1039.435759190	1039.664435910	8258.402	24593.703	19875.000	15656.250	-85.84	0.2287	16335.301	19875.000	1039.6053		SA	A	0	SB
308	Spectrogram 1	1	1039.450754385	1039.450754385	8802.912	8802.912	8812.500	8812.500	-83.84	0.0000	0.000	8812.500	1039.4507	FI				
309	Spectrogram 1	1	1039.653189514	1039.653189514	23958.442	23958.442	24000.000	24000.000	-91.79	0.0000	0.000	24000.000	1039.6533	FF				
310	Spectrogram 1	1	1045.514905950	1045.867293027	8802.912	23958.442	18937.500	17625.000	-83.85	0.3524	15155.529	18937.500	1045.6853		SA	A	0	SB
311	Spectrogram 1	1	1045.537398742	1045.537398742	9256.671	9256.671	9281.250	9281.250	-81.09	0.0000	0.000	9281.250	1045.5360	FI				
312	Spectrogram 1	1	1045.848549033	1045.848549033	23323.180	23323.180	23343.750	23343.750	-83.27	0.0000	0.000	23343.750	1045.8507	FF				
313	Spectrogram 1	1	1047.210996852	1047.638359903	7441.637	21417.395	16593.750	15093.750	-82.62	0.4274	13975.758	16593.750	1047.3760		SA	A	0	SB
314	Spectrogram 1	1	1047.229740845	1047.229740845	7350.885	7350.885	7312.500	7312.500	-91.46	0.0000	0.000	7312.500	1047.2320	FI				
315	Spectrogram 1	1	1047.619615909	1047.619615909	20782.133	20782.133	20812.500	20812.500	-84.88	0.0000	0.000	20812.500	1047.6213	FF				
316	Spectrogram 1	1	1060.602590374	1061.003711835	7895.396	21235.891	17718.750	17531.250	-83.34	0.4011	13340.496	17718.750	1060.7413		SA	A	0	SB
317	Spectrogram 1	1	1060.613836770	1060.613836770	8258.402	8258.402	8250.000	8250.000	-84.38	0.0000	0.000	8250.000	1060.6133	FI				
318	Spectrogram 1	1	1060.992465438	1060.992465438	20600.630	20600.630	20625.000	20625.000	-86.20	0.0000	0.000	20625.000	1060.9920	FF				
319	Spectrogram 1	1	1063.709863478	1064.140975328	6897.127	25138.213	16218.750	15187.500	-82.59	0.4311	18241.086	16218.750	1063.8507		SA	A	0	SB
320	Spectrogram 1	1	1063.717361076	1063.717361076	7441.637	7441.637	7406.250	7406.250	-75.14	0.0000	0.000	7406.250	1063.7173	FI				
321	Spectrogram 1	1	1064.133477731	1064.133477731	24684.455	24684.455	24656.250	24656.250	-89.53	0.0000	0.000	24656.250	1064.1333	FF				
322	Spectrogram 1	1	1091.609329076	1091.931725764	8258.402	21689.650	10781.250	15000.000	-79.89	0.3224	13431.248	10781.250	1091.6587		SA	A	0	SB
323	Spectrogram 1	1	1091.616826673	1091.616826673	8802.912	8802.912	8812.500	8812.500	-80.15	0.0000	0.000	8812.500	1091.6160	FI				
324	Spectrogram 1	1	1091.916730569	1091.916730569	21235.891	21235.891	21281.250	21281.250	-82.47	0.0000	0.000	21281.250	1091.9147	FF				
325	Spectrogram 1	1	1092.400325600	1092.640248717	7713.892	24049.193	12468.750	16031.250	-83.11	0.2399	16335.301	12468.750	1092.4480		SA	A	0	SB
326	Spectrogram 1	1	1092.415320795	1092.415320795	8258.402	8258.402	8250.000	8250.000	-90.41	0.0000	0.000	8250.000	1092.4160	FI				
327	Spectrogram 1	1	1092.632751119	1092.632751119	22778.670	22778.670	22781.250	22781.250	-90.08	0.0000	0.000	22781.250	1092.6347	FF				
328	Spectrogram 1	1	1096.874571177	1097.275692637	7260.134	23050.925	13406.250	13781.250	-84.31	0.4011	15790.791	13406.250	1096.9547		SA	A	0	SB
329	Spectrogram 1	1	1096.874571177	1096.874571177	7804.644	7804.644	7781.250	7781.250	-97.22	0.0000	0.000	7781.250	1096.8747	FI				
330	Spectrogram 1	1	1097.256948644	1097.256948644	22687.918	22687.918	22687.500	22687.500	-102.23	0.0000	0.000	22687.500	1097.2587	FF				
331	Spectrogram 1	1	1116.603552323	1116.929697809	7623.140	20600.630	10125.000	15187.500	-79.05	0.3261	12977.489	10125.000	1116.6613		SA	A	0	SB
332	Spectrogram 1	1	1116.622296316	1116.622296316	8076.899	8076.899	8062.500	8062.500	-108.50	0.0000	0.000	8062.500	1116.6240	FI				
333	Spectrogram 1	1	1116.918451413	1116.918451413	20419.126	20419.126	20437.500	20437.500	-74.99	0.0000	0.000	20437.500	1116.9173	FF				
334	Spectrogram 1	1	1117.372056055	1117.668211152	7078.630	20963.636	16406.250	16125.000	-82.42	0.2962	13885.006	16406.250	1117.4720		SA	A	0	SB
335	Spectrogram 1	1	1117.387051250	1117.387051250	7804.644	7804.644	7781.250	7781.250	-91.34	0.0000	0.000	7781.250	1117.3867	FI				
336	Spectrogram 1	1	1117.656964756	1117.656964756	20600.630	20600.630	20625.000	20625.000	-81.79	0.0000	0.000	20625.000	1117.6587	FF				
337	Spectrogram 1	1	1117.964366249	1118.170550177	8349.154	20782.133	10593.750	13031.250	-79.72	0.2062	12432.979	10593.750	1118.0160		SA	A	0	SB
338	Spectrogram 1	1	1117.990607840	1117.990607840	8893.664	8893.664	8906.250	8906.250	-84.27	0.0000	0.000	8906.250	1117.9893	FI				
339	Spectrogram 1	1	1118.159303781	1118.159303781	20509.878	20509.878	20531.250	20531.250	-76.97	0.0000	0.000	20531.250	1118.1600	FF				
340	Spectrogram 1	1	1119.047769071	1119.340175369	7260.134	21145.140	18000.000	17437.500	-77.27	0.2924	13885.006	18000.000	1119.1787		SA	A	0	SB
341	Spectrogram 1	1	1119.066513065	1119.066513065	7713.892	7713.892	7687.500	7687.500	-82.73	0.0000	0.000	7687.500	1119.0667	FI				
342	Spectrogram 1	1	1119.328928973	1119.328928973	20872.885	20872.885	20906.250	20906.250	-74.51	0.0000	0.000	20906.250	1119.3280	FF				
343	Spectrogram 1	1	1123.118395837	1123.343323758	10254.939	24321.448	18750.000	17718.750	-83.75	0.2249	14066.509	18750.000	1123.2373		SA	A	0	SB
344	Spectrogram 1	1	1123.137139830	1123.137139830	10980.952	10980.952	10968.750	10968.750	-89.54	0.0000	0.000	10968.750	1123.1360	FI				
345	Spectrogram 1	1	1123.328328564	1123.328328564	23776.938	23776.938	23812.500	23812.500	-77.77	0.0000	0.000	23812.500	1123.3280	FF				
346	Spectrogram 1	1	1136.686177415	1137.121038063	7804.644	21598.898	14906.250	14531.250	-86.52	0.4349	13794.254	14906.250	1136.8533		SA	A	0	SB
347	Spectrogram 1	1	1136.716167804	1136.716167804	7895.396	7895.396	7875.000	7875.000	-74.78	0.0000	0.000	7875.000	1136.7147	FI				
348	Spectrogram 1	1	1137.117289265	1137.117289265	21326.643	21326.643	21281.250	21281.250	-76.54	0.0000	0.000	21281.250	1137.1147	FF				
349	Spectrogram 1	1	1140.496945873	1140.838086554	7441.637	23958.442	19687.500	16218.750	-82.96	0.3411	16516.804	19687.500	1140.7627		SA	A	0	SB
350	Spectrogram 1	1	1140.511941068	1140.511941068	7986.147	7986.147	7968.750	7968.750	-80.66	0.0000	0.000	7968.750	1140.5120	FI				
351	Spectrogram 1	1	1140.826840158	1140.826840158	23595.435	23595.435	23625.000	23625.000	-77.31	0.0000	0.000	23625.000	1140.8267	FF				
352	Spectrogram 1	1	1141.261700806	1141.625334280	6806.375	25501.220	14718.750	13593.750	-81.58	0.3636	18694.845	14718.750	1141.3867		SA	A	0	SB
353	Spectrogram 1	1	1141.291691196	1141.291691196	6987.879	6987.879	7031.250	7031.250	-74.19	0.0000	0.000	7031.250	1141.2907	FI				
354	Spectrogram 1	1	1141.614087883	1141.614087883	24865.958	24865.958	24843.750	24843.750	-84.41	0.0000	0.000	24843.750	1141.6160	FF				
355	Spectrogram 1	1	1163.774692826	1164.277031851	6897.127	23141.676	14812.500	14156.250	-83.94	0.5023	16244.549	14812.500	1163.9573		SA	A	0	SB
356	Spectrogram 1	1	1163.800934417	1163.800934417	7350.885	7350.885	7312.500	7312.500	-79.74	0.0000	0.000	7312.500	1163.8027	FI				
357	Spectrogram 1	1	1164.267659854	1164.267659854	22778.670	22778.670	22781.250	22781.250	-84.13	0.0000	0.000	22781.250	1164.2667	FF				
358	Spectrogram 1	1	1181.101565692	1181.491440756	6443.369	24321.448	10593.750	14531.250	-82.02	0.3899	17878.079	10593.750	1181.1893		SA	A	0	SB
359	Spectrogram 1	1	1181.112812088	1181.112812088	6897.127	6897.127	6937.500	6937.500	-74.22	0.0000	0.000	6937.500	1181.1147	FI				
360	Spectrogram 1	1	1181.476445561	1181.476445561	23686.187	23686.187	23718.750	23718.750	-82.31	0.0000	0.000	23718.750	1181.4773	FF				
361	Spectrogram 1	1	1182.469877215	1182.796022701	8349.154	25954.978	19687.500	18000.000	-82.25	0.3261	17605.824	19687.500	1182.6240		SA	A	0	SB
362	Spectrogram 1	1	1182.488621208	1182.488621208	9256.671	9256.671	9281.250	9281.250	-80.38	0.0000	0.000	9281.250	1182.4907	FI				
363	Spectrogram 1	1	1182.796022701	1182.796022701	24956.710	24956.710	24937.500	24937.500	-87.87	0.0000	0.000	24937.500	1182.7947	FF				
364	Spectrogram 1	1	1184.134693444	1184.498326918	7804.644	22869.421	10218.750	15843.750	-81.42	0.3636	15064.778	10218.750	1184.2027		SA	A	0	SB
365	Spectrogram 1	1	1184.168432632	1184.168432632	8076.899	8076.899	8062.500	8062.500	-102.20	0.0000	0.000	8062.500	1184.1707	FI				
366	Spectrogram 1	1	1184.494578119	1184.494578119	22143.408	22143.408	22125.000	22125.000	-104.55	0.0000	0.000	22125.000	1184.4960	FF				
367	Spectrogram 1	1	1192.728797631	1193.107426299	8439.906	20600.630	10593.750	14062.500	-87.49	0.3786	12160.724	10593.750	1192.9333		NA	A	0	SB
368	Spectrogram 1	1	1192.751290423	1192.751290423	9075.167	9075.167	9093.750	9093.750	-78.87	0.0000	0.000	9093.750	1192.7520	FI				
369	Spectrogram 1	1	1193.096179903	1193.096179903	20328.375	20328.375	20343.750	20343.750	-90.45	0.0000	0.000	20343.750	1193.0987	FF				
370	Spectrogram 1	1	1199.943387700	1200.318267570	7713.892	26045.730	18750.000	15093.750	-86.03	0.3749	18331.838	18750.000	1200.1120		SA	A	0	SB
371	Spectrogram 1	1	1199.965880492	1199.965880492	8621.409	8621.409	8625.000	8625.000	-94.24	0.0000	0.000	8625.000	1199.9680	FI				
372	Spectrogram 1	1	1200.307021174	1200.307021174	25047.462	25047.462	25031.250	25031.250	-89.36	0.0000	0.000	25031.250	1200.3093	FF				
373	Spectrogram 1	1	1210.630075544	1211.027448206	8167.651	26227.233	17531.250	17531.250	-82.51	0.3974	18059.583	17531.250	1210.7947		SA	A	0	SB
374	Spectrogram 1	1	1210.667563531	1210.667563531	8439.906	8439.906	8437.500	8437.500	-94.43	0.0000	0.000	8437.500	1210.6667	FI				
375	Spectrogram 1	1	1211.023699407	1211.023699407	25773.475	25773.475	25781.250	25781.250	-99.43	0.0000	0.000	25781.250	1211.0240	FF				
376	Spectrogram 1	1	1217.054106301	1217.387749385	7260.134	19693.113	8812.500	11156.250	-81.93	0.3336	12432.979	8812.500	1217.1787		SA	A	0	SB
377	Spectrogram 1	1	1217.080347892	1217.080347892	7441.637	7441.637	7406.250	7406.250	-89.43	0.0000	0.000	7406.250	1217.0827	FI				
378	Spectrogram 1	1	1217.380251787	1217.380251787	18967.100	18967.100	18937.500	18937.500	-84.84	0.0000	0.000	18937.500	1217.3813	FF				
379	Spectrogram 1	1	1220.012083503	1220.425608455	7058.824	24513.369	18843.750	16781.250	-85.69	0.4135	17454.545	18843.750	1220.1867		SA	A	0	SB
380	Spectrogram 1	1	1220.033289911	1220.033289911	8855.615	8855.615	8812.500	8812.500	-81.56	0.0000	0.000	8812.500	1220.0320	FI				
381	Spectrogram 1	1	1220.399100446	1220.399100446	23871.658	23871.658	23906.250	23906.250	-85.37	0.0000	0.000	23906.250	1220.4000	FF				
382	Spectrogram 1	1	1223.691716565	1224.115844722	7443.850	22588.235	8906.250	14250.000	-82.85	0.4241	15144.385	8906.250	1223.7760		SA	A	0	SB
383	Spectrogram 1	1	1223.707621371	1223.707621371	8085.561	8085.561	8062.500	8062.500	-73.28	0.0000	0.000	8062.500	1223.7067	FI				
384	Spectrogram 1	1	1224.099939916	1224.099939916	21689.840	21689.840	21656.250	21656.250	-87.10	0.0000	0.000	21656.250	1224.1013	FF				
385	Spectrogram 1	1	1305.649321016	1306.084052376	7443.850	22716.578	19500.000	17906.250	-83.58	0.4347	15272.727	19500.000	1305.9307		SA	A	0	SB
386	Spectrogram 1	1	1305.675829026	1305.675829026	7957.219	7957.219	7968.750	7968.750	-76.38	0.0000	0.000	7968.750	1305.6747	FI				
387	Spectrogram 1	1	1306.068147571	1306.068147571	22203.209	22203.209	22218.750	22218.750	-90.00	0.0000	0.000	22218.750	1306.0693	FF				
