Selection	View	Channel	Begin Time (s)	End Time (s)	Low Freq (Hz)	High Freq (Hz)	Max Freq (Hz)	Center Freq (Hz)	Avg Power Density (dB FS)	Delta Time (s)	Delta Freq (Hz)	Peak Freq (Hz)	Peak Time (s)	observacoes	PF_check	modulacao	Pi	sobreposicao
1	Spectrogram 1	1	9.210625016	9.613546764	10652.406	23486.631	14625.000	14437.500	-81.60	0.4029	12834.225	14625.000	9.3760			A	0	SB
2	Spectrogram 1	1	9.229180623	9.229180623	10909.091	10909.091	10875.000	10875.000	-80.00	0.0000	0.000	10875.000	9.2293	FI				
3	Spectrogram 1	1	9.602943560	9.602943560	22844.920	22844.920	22875.000	22875.000	-86.16	0.0000	0.000	22875.000	9.6027	FF				
4	Spectrogram 1	1	12.061302288	12.413858818	8598.930	18866.310	12187.500	12187.500	-81.22	0.3526	10267.380	12187.500	12.1867		SA	A	0	SB
5	Spectrogram 1	1	12.079857895	12.079857895	8855.615	8855.615	8812.500	8812.500	-79.40	0.0000	0.000	8812.500	12.0800	FI				
6	Spectrogram 1	1	12.400604813	12.400604813	18096.257	18096.257	18187.500	18187.500	-82.50	0.0000	0.000	18187.500	12.4000	FF				
7	Spectrogram 1	1	12.570256076	12.981130227	9240.642	20791.444	10312.500	12375.000	-82.72	0.4109	11550.802	10312.500	12.6560		SA	A	0	SB
8	Spectrogram 1	1	12.591462484	12.591462484	9882.353	9882.353	9937.500	9937.500	-77.27	0.0000	0.000	9937.500	12.5920	FI				
9	Spectrogram 1	1	12.967876223	12.967876223	20534.759	20534.759	20625.000	20625.000	-88.77	0.0000	0.000	20625.000	12.9680	FF				
10	Spectrogram 1	1	12.981130227	13.394655180	11294.118	32855.615	12562.500	14062.500	-86.07	0.4135	21561.497	12562.500	13.0240		SA	A	0	SB
11	Spectrogram 1	1	13.004987436	13.004987436	12192.513	12192.513	12187.500	12187.500	-69.75	0.0000	0.000	12187.500	13.0053	FI				
12	Spectrogram 1	1	13.386702777	13.386702777	31700.535	31700.535	31687.500	31687.500	-100.20	0.0000	0.000	31687.500	13.3867	FF				
13	Spectrogram 1	1	16.326503652	16.729425401	7828.877	20791.444	13125.000	12375.000	-81.12	0.4029	12962.567	13125.000	16.5627		SA	A	0	SB
14	Spectrogram 1	1	16.345059259	16.345059259	8598.930	8598.930	8625.000	8625.000	-79.82	0.0000	0.000	8625.000	16.3440	FI				
15	Spectrogram 1	1	16.708218993	16.708218993	19893.048	19893.048	19875.000	19875.000	-86.77	0.0000	0.000	19875.000	16.7093	FF				
16	Spectrogram 1	1	17.105839140	17.476951277	7572.193	21818.182	10500.000	12000.000	-82.59	0.3711	14245.989	10500.000	17.1520		SA	A	0	SB
17	Spectrogram 1	1	17.119093145	17.119093145	8598.930	8598.930	8625.000	8625.000	-71.99	0.0000	0.000	8625.000	17.1200	FI				
18	Spectrogram 1	1	17.463697272	17.463697272	20919.786	20919.786	21000.000	21000.000	-73.48	0.0000	0.000	21000.000	17.4640	FF				
19	Spectrogram 1	1	18.564813241	18.851099747	9754.011	19508.021	12187.500	13125.000	-82.22	0.2863	9754.010	12187.500	18.6133		SA	A	0	SB
20	Spectrogram 1	1	18.580718047	18.580718047	10780.749	10780.749	10687.500	10687.500	-79.83	0.0000	0.000	10687.500	18.5813	FI				
21	Spectrogram 1	1	18.837845742	18.837845742	18994.652	18994.652	18937.500	18937.500	-80.94	0.0000	0.000	18937.500	18.8373	FF				
22	Spectrogram 1	1	31.860998762	32.308984127	6032.086	30417.112	13125.000	12750.000	-82.21	0.4480	24385.026	13125.000	31.9867		SA	A	0	SB
23	Spectrogram 1	1	31.874252767	31.874252767	7572.193	7572.193	7500.000	7500.000	-66.30	0.0000	0.000	7500.000	31.8747	FI				
24	Spectrogram 1	1	32.301031724	32.301031724	29518.717	29518.717	29437.500	29437.500	-76.77	0.0000	0.000	29437.500	32.3013	FF				
25	Spectrogram 1	1	33.572027988	33.982902139	10524.064	24770.053	14812.500	14250.000	-82.98	0.4109	14245.989	14812.500	33.7280		SA	A	0	SB
26	Spectrogram 1	1	33.590583594	33.590583594	11550.802	11550.802	11625.000	11625.000	-75.42	0.0000	0.000	11625.000	33.5893	FI				
27	Spectrogram 1	1	33.964346532	33.964346532	24128.342	24128.342	24187.500	24187.500	-91.13	0.0000	0.000	24187.500	33.9653	FF				
28	Spectrogram 1	1	38.178566347	38.690170936	8983.957	20149.733	15562.500	12375.000	-82.37	0.5116	11165.776	15562.500	38.5573		SA	A	0	SB
29	Spectrogram 1	1	38.191820352	38.191820352	9240.642	9240.642	9187.500	9187.500	-81.85	0.0000	0.000	9187.500	38.1920	FI				
30	Spectrogram 1	1	38.668964528	38.668964528	19508.021	19508.021	19500.000	19500.000	-95.67	0.0000	0.000	19500.000	38.6693	FF				
31	Spectrogram 1	1	39.363700691	39.809035256	6417.112	27593.583	10500.000	11062.500	-82.34	0.4453	21176.471	10500.000	39.5733		SA	A	0	SB
32	Spectrogram 1	1	39.379605497	39.379605497	7572.193	7572.193	7500.000	7500.000	-79.10	0.0000	0.000	7500.000	39.3787	FI				
33	Spectrogram 1	1	39.795781251	39.795781251	26438.503	26438.503	26437.500	26437.500	-90.77	0.0000	0.000	26437.500	39.7947	FF				
34	Spectrogram 1	1	39.676495207	40.037004140	10010.695	21561.497	13125.000	13687.500	-83.04	0.3605	11550.802	13125.000	39.9307		NA	A	0	SB
35	Spectrogram 1	1	39.689749212	39.689749212	10780.749	10780.749	10687.500	10687.500	-73.88	0.0000	0.000	10687.500	39.6907	FI				
36	Spectrogram 1	1	40.023750135	40.023750135	20791.444	20791.444	20812.500	20812.500	-77.73	0.0000	0.000	20812.500	40.0240	FF				
37	Spectrogram 1	1	40.761092764	41.087141284	6032.086	26181.818	14625.000	11437.500	-82.40	0.3260	20149.732	14625.000	40.9440		SA	A	0	SB
38	Spectrogram 1	1	40.771695968	40.771695968	6545.455	6545.455	6562.500	6562.500	-94.66	0.0000	0.000	6562.500	40.7707	FI				
39	Spectrogram 1	1	41.079188881	41.079188881	25796.791	25796.791	25875.000	25875.000	-77.67	0.0000	0.000	25875.000	41.0800	FF				
40	Spectrogram 1	1	41.792674301	42.155834035	10139.037	28877.005	14062.500	13312.500	-85.76	0.3632	18737.968	14062.500	41.9280		SA	A	0	SB
41	Spectrogram 1	1	41.816531510	41.816531510	10652.406	10652.406	10687.500	10687.500	-79.61	0.0000	0.000	10687.500	41.8160	FI				
42	Spectrogram 1	1	42.137278428	42.137278428	28235.294	28235.294	28312.500	28312.500	-87.69	0.0000	0.000	28312.500	42.1360	FF				
43	Spectrogram 1	1	48.668330955	49.018236684	10267.380	21561.497	12375.000	12937.500	-83.25	0.3499	11294.117	12375.000	48.7547		SA	A	0	SB
44	Spectrogram 1	1	48.692188164	48.692188164	10909.091	10909.091	10875.000	10875.000	-74.69	0.0000	0.000	10875.000	48.6933	FI				
45	Spectrogram 1	1	49.002331878	49.002331878	20663.102	20663.102	20625.000	20625.000	-97.05	0.0000	0.000	20625.000	49.0027	FF				
46	Spectrogram 1	1	49.981317353	50.447858325	9240.642	30160.428	12937.500	12937.500	-84.04	0.4665	20919.786	12937.500	50.1333		SA	A	0	SB
47	Spectrogram 1	1	49.999872960	49.999872960	9497.326	9497.326	9562.500	9562.500	-76.20	0.0000	0.000	9562.500	50.0000	FI				
48	Spectrogram 1	1	50.439905922	50.439905922	29390.374	29390.374	29437.500	29437.500	-86.40	0.0000	0.000	29437.500	50.4400	FF				
49	Spectrogram 1	1	51.539601028	51.823236733	12962.567	21433.155	16687.500	15562.500	-83.19	0.2836	8470.588	16687.500	51.7147		SA	A	0	SB
50	Spectrogram 1	1	51.558156635	51.558156635	13090.909	13090.909	13125.000	13125.000	-82.41	0.0000	0.000	13125.000	51.5573	FI				
51	Spectrogram 1	1	51.812633529	51.812633529	20791.444	20791.444	20812.500	20812.500	-84.10	0.0000	0.000	20812.500	51.8133	FF				
52	Spectrogram 1	1	57.987867842	58.388138790	7187.166	27978.610	12375.000	11250.000	-80.93	0.4003	20791.444	12375.000	58.1680		SA	A	0	SB
53	Spectrogram 1	1	58.001121847	58.001121847	8342.246	8342.246	8250.000	8250.000	-76.73	0.0000	0.000	8250.000	58.0000	FI				
54	Spectrogram 1	1	58.380186387	58.380186387	27208.556	27208.556	27187.500	27187.500	-96.00	0.0000	0.000	27187.500	58.3813	FF				
55	Spectrogram 1	1	59.082648646	59.347728744	8085.561	22074.866	11062.500	11250.000	-78.99	0.2651	13989.305	11062.500	59.2507		SA	A	0	SB
56	Spectrogram 1	1	59.098553452	59.098553452	8598.930	8598.930	8625.000	8625.000	-76.66	0.0000	0.000	8625.000	59.0987	FI				
57	Spectrogram 1	1	59.337125540	59.337125540	21689.840	21689.840	21750.000	21750.000	-87.01	0.0000	0.000	21750.000	59.3360	FF				
58	Spectrogram 1	1	59.643617547	59.969666067	10139.037	25668.449	15562.500	15000.000	-77.03	0.3260	15529.412	15562.500	59.8133		SA	A	0	SB
59	Spectrogram 1	1	59.664823955	59.664823955	10909.091	10909.091	10875.000	10875.000	-68.75	0.0000	0.000	10875.000	59.6640	FI				
60	Spectrogram 1	1	59.951110461	59.951110461	24898.396	24898.396	24937.500	24937.500	-92.82	0.0000	0.000	24937.500	59.9520	FF				
61	Spectrogram 1	1	59.919300849	60.210888956	6673.797	19764.706	12000.000	12000.000	-78.80	0.2916	13090.909	12000.000	60.0613		SA	A	0	SB
62	Spectrogram 1	1	59.940507257	59.940507257	7315.508	7315.508	7312.500	7312.500	-78.02	0.0000	0.000	7312.500	59.9413	FI				
63	Spectrogram 1	1	60.197634951	60.197634951	19251.337	19251.337	19312.500	19312.500	-71.96	0.0000	0.000	19312.500	60.1973	FF				
64	Spectrogram 1	1	61.193133391	61.497975503	5518.717	19636.364	12375.000	11062.500	-79.31	0.3048	14117.647	12375.000	61.3653		SA	A	0	SB
65	Spectrogram 1	1	61.211688998	61.211688998	6288.770	6288.770	6375.000	6375.000	-80.19	0.0000	0.000	6375.000	61.2107	FI				
66	Spectrogram 1	1	61.479419896	61.479419896	19379.679	19379.679	19312.500	19312.500	-79.44	0.0000	0.000	19312.500	61.4800	FF				
67	Spectrogram 1	1	61.855833635	62.327676209	9497.326	20406.417	13312.500	12375.000	-81.46	0.4718	10909.091	13312.500	62.1707		SA	A	0	SB
68	Spectrogram 1	1	61.866436839	61.866436839	9882.353	9882.353	9937.500	9937.500	-93.56	0.0000	0.000	9937.500	61.8667	FI				
69	Spectrogram 1	1	62.314422204	62.314422204	19636.364	19636.364	19687.500	19687.500	-89.89	0.0000	0.000	19687.500	62.3147	FF				
70	Spectrogram 1	1	66.140820544	66.384694234	11165.775	22203.209	15750.000	15187.500	-80.99	0.2439	11037.434	15750.000	66.2507		SA	A	0	SB
71	Spectrogram 1	1	66.151423748	66.151423748	12064.171	12064.171	12000.000	12000.000	-76.09	0.0000	0.000	12000.000	66.1520	FI				
72	Spectrogram 1	1	66.371440229	66.371440229	21433.155	21433.155	21375.000	21375.000	-81.30	0.0000	0.000	21375.000	66.3707	FF				
73	Spectrogram 1	1	66.352884622	66.660377536	9368.984	17454.545	13312.500	12750.000	-79.81	0.3075	8085.561	13312.500	66.5227		SA	A	0	SB
74	Spectrogram 1	1	66.371440229	66.371440229	10010.695	10010.695	9937.500	9937.500	-80.46	0.0000	0.000	9937.500	66.3707	FI				
75	Spectrogram 1	1	66.652425133	66.652425133	16556.150	16556.150	16500.000	16500.000	-75.38	0.0000	0.000	16500.000	66.6533	FF				
76	Spectrogram 1	1	67.233992283	67.618358425	10524.064	21561.497	15937.500	14062.500	-79.98	0.3844	11037.433	15937.500	67.4773		SA	A	0	SB
77	Spectrogram 1	1	67.241944686	67.241944686	11422.460	11422.460	11437.500	11437.500	-87.80	0.0000	0.000	11437.500	67.2427	FI				
78	Spectrogram 1	1	67.610406022	67.610406022	21048.128	21048.128	21000.000	21000.000	-87.48	0.0000	0.000	21000.000	67.6107	FF				
79	Spectrogram 1	1	70.091389296	70.489009443	10780.749	30673.797	16125.000	14812.500	-83.75	0.3976	19893.048	16125.000	70.2347		SA	A	0	SB
80	Spectrogram 1	1	70.094040097	70.094040097	11550.802	11550.802	11625.000	11625.000	-93.03	0.0000	0.000	11625.000	70.0933	FI				
81	Spectrogram 1	1	70.481057040	70.481057040	30160.428	30160.428	30187.500	30187.500	-88.34	0.0000	0.000	30187.500	70.4800	FF				
82	Spectrogram 1	1	71.217979712	71.559933038	11807.487	32727.273	15937.500	14250.000	-82.73	0.3420	20919.786	15937.500	71.3280		SA	A	0	SB
83	Spectrogram 1	1	71.236535319	71.236535319	12320.856	12320.856	12375.000	12375.000	-69.33	0.0000	0.000	12375.000	71.2373	FI				
84	Spectrogram 1	1	71.541377431	71.541377431	32342.246	32342.246	32250.000	32250.000	-84.70	0.0000	0.000	32250.000	71.5413	FF				
85	Spectrogram 1	1	71.874175626	72.332764195	9754.011	27208.556	17250.000	13312.500	-81.77	0.4586	17454.545	17250.000	72.1227		SA	A	0	SB
86	Spectrogram 1	1	71.898032835	71.898032835	10139.037	10139.037	10125.000	10125.000	-71.74	0.0000	0.000	10125.000	71.8987	FI				
87	Spectrogram 1	1	72.324811792	72.324811792	26310.160	26310.160	26250.000	26250.000	-81.96	0.0000	0.000	26250.000	72.3253	FF				
88	Spectrogram 1	1	73.387782984	73.719133107	10395.722	24385.027	12562.500	13312.500	-81.20	0.3314	13989.305	12562.500	73.4533		SA	A	0	SB
89	Spectrogram 1	1	73.398386188	73.398386188	11550.802	11550.802	11625.000	11625.000	-78.63	0.0000	0.000	11625.000	73.3973	FI				
90	Spectrogram 1	1	73.711180704	73.711180704	23229.947	23229.947	23250.000	23250.000	-81.73	0.0000	0.000	23250.000	73.7120	FF				
91	Spectrogram 1	1	108.583974648	108.963039188	10524.064	26181.818	12375.000	13500.000	-82.37	0.3791	15657.754	12375.000	108.6640		SA	A	0	SB
92	Spectrogram 1	1	108.597228653	108.597228653	10780.749	10780.749	10687.500	10687.500	-72.77	0.0000	0.000	10687.500	108.5973	FI				
93	Spectrogram 1	1	108.952435984	108.952435984	25796.791	25796.791	25875.000	25875.000	-74.36	0.0000	0.000	25875.000	108.9520	FF				
94	Spectrogram 1	1	109.267881301	109.628390233	11294.118	26181.818	12000.000	14437.500	-82.99	0.3605	14887.700	12000.000	109.3147		SA	A	0	SB
95	Spectrogram 1	1	109.283786106	109.283786106	11422.460	11422.460	11437.500	11437.500	-94.97	0.0000	0.000	11437.500	109.2827	FI				
96	Spectrogram 1	1	109.612485428	109.612485428	25283.422	25283.422	25312.500	25312.500	-78.58	0.0000	0.000	25312.500	109.6133	FF				
97	Spectrogram 1	1	111.295532237	111.689156099	8727.273	27336.898	16500.000	13875.000	-82.08	0.3936	18609.625	16500.000	111.4613		SA	A	0	SB
98	Spectrogram 1	1	111.306778633	111.306778633	9240.642	9240.642	9187.500	9187.500	-75.24	0.0000	0.000	9187.500	111.3067	FI				
99	Spectrogram 1	1	111.674160905	111.674160905	26695.187	26695.187	26625.000	26625.000	-99.08	0.0000	0.000	26625.000	111.6747	FF				
100	Spectrogram 1	1	111.557948145	111.951572008	7443.850	15786.096	9375.000	10687.500	-79.58	0.3936	8342.246	9375.000	111.6267		SA	A	0	SB
101	Spectrogram 1	1	111.584189736	111.584189736	8213.904	8213.904	8250.000	8250.000	-71.07	0.0000	0.000	8250.000	111.5840	FI				
102	Spectrogram 1	1	111.940325612	111.940325612	15657.754	15657.754	15750.000	15750.000	-73.31	0.0000	0.000	15750.000	111.9413	FF				
103	Spectrogram 1	1	114.950534326	115.160467053	9112.299	20149.733	14250.000	13312.500	-80.35	0.2099	11037.434	14250.000	115.0267		SA	A	0	SB
104	Spectrogram 1	1	114.969278320	114.969278320	10010.695	10010.695	9937.500	9937.500	-65.73	0.0000	0.000	9937.500	114.9680	FI				
105	Spectrogram 1	1	115.141723060	115.141723060	19122.995	19122.995	19125.000	19125.000	-88.06	0.0000	0.000	19125.000	115.1413	FF				
106	Spectrogram 1	1	116.251318189	116.727415623	7058.824	21048.128	14437.500	14062.500	-78.68	0.4761	13989.304	14437.500	116.5120		SA	A	0	SB
107	Spectrogram 1	1	116.266313383	116.266313383	8342.246	8342.246	8250.000	8250.000	-69.13	0.0000	0.000	8250.000	116.2667	FI				
108	Spectrogram 1	1	116.712420428	116.712420428	20278.075	20278.075	20250.000	20250.000	-100.56	0.0000	0.000	20250.000	116.7120	FF				
109	Spectrogram 1	1	117.308479420	117.544653738	8342.246	20919.786	15375.000	13125.000	-80.62	0.2362	12577.540	15375.000	117.3840		SA	A	0	SB
110	Spectrogram 1	1	117.323474615	117.323474615	9368.984	9368.984	9375.000	9375.000	-73.09	0.0000	0.000	9375.000	117.3227	FI				
111	Spectrogram 1	1	117.533407342	117.533407342	20278.075	20278.075	20250.000	20250.000	-80.39	0.0000	0.000	20250.000	117.5333	FF				
112	Spectrogram 1	1	118.606754966	118.839180485	10780.749	22203.209	18000.000	15187.500	-81.96	0.2324	11422.460	18000.000	118.6987		SA	A	0	SB
113	Spectrogram 1	1	118.632996557	118.632996557	11422.460	11422.460	11437.500	11437.500	-76.44	0.0000	0.000	11437.500	118.6320	FI				
114	Spectrogram 1	1	118.827934089	118.827934089	21561.497	21561.497	21562.500	21562.500	-85.70	0.0000	0.000	21562.500	118.8267	FF				
115	Spectrogram 1	1	126.305344443	126.586504345	9112.299	21304.813	11812.500	13500.000	-79.44	0.2812	12192.514	11812.500	126.3893		SA	A	0	SB
116	Spectrogram 1	1	126.339083632	126.339083632	9754.011	9754.011	9750.000	9750.000	-72.57	0.0000	0.000	9750.000	126.3387	FI				
117	Spectrogram 1	1	126.571509151	126.571509151	20149.733	20149.733	20062.500	20062.500	-81.83	0.0000	0.000	20062.500	126.5707	FF				
118	Spectrogram 1	1	126.931393825	127.081345773	10395.722	19379.679	15000.000	14250.000	-79.72	0.1500	8983.957	15000.000	126.9867		SA	A	0	SB
119	Spectrogram 1	1	126.942640221	126.942640221	10652.406	10652.406	10687.500	10687.500	-70.20	0.0000	0.000	10687.500	126.9413	FI				
120	Spectrogram 1	1	127.066350578	127.066350578	18481.283	18481.283	18562.500	18562.500	-78.51	0.0000	0.000	18562.500	127.0667	FF				
121	Spectrogram 1	1	128.364626124	128.615795636	5518.717	18352.941	13312.500	12375.000	-77.47	0.2512	12834.224	13312.500	128.5227		SA	A	0	SB
122	Spectrogram 1	1	128.394616513	128.394616513	6160.428	6160.428	6187.500	6187.500	-79.25	0.0000	0.000	6187.500	128.3947	FI				
123	Spectrogram 1	1	128.600800442	128.600800442	17454.545	17454.545	17437.500	17437.500	-84.53	0.0000	0.000	17437.500	128.6000	FF				
124	Spectrogram 1	1	128.878211545	129.099390668	8855.615	19508.021	14250.000	14062.500	-78.42	0.2212	10652.406	14250.000	128.9680		SA	A	0	SB
125	Spectrogram 1	1	128.889457941	128.889457941	9882.353	9882.353	9937.500	9937.500	-65.37	0.0000	0.000	9937.500	128.8907	FI				
126	Spectrogram 1	1	129.076897876	129.076897876	18737.968	18737.968	18750.000	18750.000	-74.49	0.0000	0.000	18750.000	129.0773	FF				
127	Spectrogram 1	1	133.979304290	134.267961790	6545.455	18737.968	13687.500	12375.000	-79.54	0.2887	12192.513	13687.500	134.0960		SA	A	0	SB
128	Spectrogram 1	1	134.009294680	134.009294680	7700.535	7700.535	7687.500	7687.500	-73.43	0.0000	0.000	7687.500	134.0080	FI				
129	Spectrogram 1	1	134.256715394	134.256715394	17839.572	17839.572	17812.500	17812.500	-82.72	0.0000	0.000	17812.500	134.2560	FF				
130	Spectrogram 1	1	134.924001561	135.268891041	9497.326	25411.765	11062.500	12750.000	-82.41	0.3449	15914.439	11062.500	135.0027		SA	A	0	SB
131	Spectrogram 1	1	134.957740749	134.957740749	10010.695	10010.695	9937.500	9937.500	-74.53	0.0000	0.000	9937.500	134.9573	FI				
132	Spectrogram 1	1	135.265142242	135.265142242	24770.053	24770.053	24750.000	24750.000	-89.69	0.0000	0.000	24750.000	135.2640	FF				
133	Spectrogram 1	1	135.959467788	136.139410125	9754.011	18737.968	15375.000	15375.000	-77.60	0.1799	8983.957	15375.000	136.0293		SA	A	0	SB
134	Spectrogram 1	1	135.978211781	135.978211781	10652.406	10652.406	10687.500	10687.500	-68.89	0.0000	0.000	10687.500	135.9787	FI				
135	Spectrogram 1	1	136.128163729	136.128163729	18096.257	18096.257	18187.500	18187.500	-75.58	0.0000	0.000	18187.500	136.1280	FF				
136	Spectrogram 1	1	144.169959509	144.447370612	10010.695	18994.652	11812.500	12937.500	-77.82	0.2774	8983.957	11812.500	144.2427		SA	A	0	SB
137	Spectrogram 1	1	144.199949899	144.199949899	10780.749	10780.749	10687.500	10687.500	-71.43	0.0000	0.000	10687.500	144.2000	FI				
138	Spectrogram 1	1	144.432375418	144.432375418	18609.626	18609.626	18562.500	18562.500	-80.27	0.0000	0.000	18562.500	144.4320	FF				
139	Spectrogram 1	1	143.813823633	144.027505159	9497.326	18352.941	12375.000	12750.000	-77.27	0.2137	8855.615	12375.000	143.8987		SA	A	0	SB
140	Spectrogram 1	1	143.840065224	143.840065224	10139.037	10139.037	10125.000	10125.000	-74.63	0.0000	0.000	10125.000	143.8400	FI				
141	Spectrogram 1	1	144.008761165	144.008761165	18096.257	18096.257	18187.500	18187.500	-92.37	0.0000	0.000	18187.500	144.0080	FF				
142	Spectrogram 1	1	145.631116576	145.818556510	9882.353	19893.048	16312.500	14437.500	-78.44	0.1874	10010.695	16312.500	145.7227		SA	A	0	SB
143	Spectrogram 1	1	145.657358167	145.657358167	11165.775	11165.775	11250.000	11250.000	-70.10	0.0000	0.000	11250.000	145.6587	FI				
144	Spectrogram 1	1	145.818556510	145.818556510	19379.679	19379.679	19312.500	19312.500	-98.52	0.0000	0.000	19312.500	145.8187	FF				
145	Spectrogram 1	1	161.808821514	162.247430961	10267.380	30160.428	13125.000	13125.000	-80.39	0.4386	19893.048	13125.000	161.9440		SA	A	0	SB
146	Spectrogram 1	1	161.835063104	161.835063104	10780.749	10780.749	10687.500	10687.500	-69.38	0.0000	0.000	10687.500	161.8347	FI				
147	Spectrogram 1	1	162.232435766	162.232435766	29262.032	29262.032	29250.000	29250.000	-86.01	0.0000	0.000	29250.000	162.2320	FF				
148	Spectrogram 1	1	160.299766169	160.524694091	8213.904	19122.995	17625.000	13875.000	-78.56	0.2249	10909.091	17625.000	160.4187		SA	A	0	SB
149	Spectrogram 1	1	160.314761364	160.314761364	8983.957	8983.957	9000.000	9000.000	-74.53	0.0000	0.000	9000.000	160.3147	FI				
150	Spectrogram 1	1	160.498452500	160.498452500	18352.941	18352.941	18375.000	18375.000	-68.66	0.0000	0.000	18375.000	160.4987	FF				
151	Spectrogram 1	1	162.798908745	163.241266991	9625.668	24000.000	15750.000	13312.500	-82.48	0.4424	14374.332	15750.000	163.0720		SA	A	0	SB
152	Spectrogram 1	1	162.828899135	162.828899135	10395.722	10395.722	10312.500	10312.500	-73.11	0.0000	0.000	10312.500	162.8293	FI				
153	Spectrogram 1	1	163.218774199	163.218774199	23358.289	23358.289	23437.500	23437.500	-74.14	0.0000	0.000	23437.500	163.2187	FF				
154	Spectrogram 1	1	167.389809776	167.914641593	9240.642	25668.449	13687.500	13500.000	-79.16	0.5248	16427.807	13687.500	167.6293		SA	A	0	SB
155	Spectrogram 1	1	167.404804971	167.404804971	10267.380	10267.380	10312.500	10312.500	-76.07	0.0000	0.000	10312.500	167.4053	FI				
156	Spectrogram 1	1	167.895897600	167.895897600	25283.422	25283.422	25312.500	25312.500	-72.82	0.0000	0.000	25312.500	167.8960	FF				
157	Spectrogram 1	1	171.856175310	172.354765537	10524.064	31572.193	12750.000	13312.500	-82.75	0.4986	21048.129	12750.000	171.9653		SA	A	0	SB
158	Spectrogram 1	1	171.871170505	171.871170505	11294.118	11294.118	11250.000	11250.000	-79.26	0.0000	0.000	11250.000	171.8720	FI				
159	Spectrogram 1	1	172.332272744	172.332272744	31187.166	31187.166	31125.000	31125.000	-84.72	0.0000	0.000	31125.000	172.3333	FF				
160	Spectrogram 1	1	176.195917795	176.465831301	9368.984	20278.075	16312.500	14625.000	-79.00	0.2699	10909.091	16312.500	176.2933		SA	A	0	SB
161	Spectrogram 1	1	176.218410587	176.218410587	9882.353	9882.353	9937.500	9937.500	-83.87	0.0000	0.000	9937.500	176.2187	FI				
162	Spectrogram 1	1	176.454584904	176.454584904	19508.021	19508.021	19500.000	19500.000	-72.33	0.0000	0.000	19500.000	176.4533	FF				
163	Spectrogram 1	1	210.036251566	210.459865818	8983.957	25283.422	15000.000	14437.500	-81.63	0.4236	16299.465	15000.000	210.1040		SA	A	0	SB
164	Spectrogram 1	1	210.040000364	210.040000364	11165.775	11165.775	11250.000	11250.000	-88.76	0.0000	0.000	11250.000	210.0400	FI				
165	Spectrogram 1	1	210.452368221	210.452368221	24385.027	24385.027	24375.000	24375.000	-88.05	0.0000	0.000	24375.000	210.4533	FF				
166	Spectrogram 1	1	225.763308356	226.108197836	9368.984	18994.652	13500.000	13687.500	-78.29	0.3449	9625.668	13500.000	225.8800		SA	A	0	SB
167	Spectrogram 1	1	225.789549947	225.789549947	10267.380	10267.380	10312.500	10312.500	-71.04	0.0000	0.000	10312.500	225.7893	FI				
168	Spectrogram 1	1	226.066961050	226.066961050	18737.968	18737.968	18750.000	18750.000	-66.27	0.0000	0.000	18750.000	226.0667	FF				
169	Spectrogram 1	1	277.779152394	278.351725406	9754.011	25283.422	13125.000	12937.500	-77.64	0.5726	15529.411	13125.000	277.9493		SA	A	0	SB
170	Spectrogram 1	1	277.832168414	277.832168414	10524.064	10524.064	10500.000	10500.000	-59.77	0.0000	0.000	10500.000	277.8320	FI				
171	Spectrogram 1	1	278.298709386	278.298709386	23743.316	23743.316	23812.500	23812.500	-99.66	0.0000	0.000	23812.500	278.2987	FF				
172	Spectrogram 1	1	291.036608076	291.338799388	9240.642	17326.203	11062.500	12375.000	-78.63	0.3022	8085.561	11062.500	291.0747		SA	A	0	SB
173	Spectrogram 1	1	291.047211280	291.047211280	9882.353	9882.353	9937.500	9937.500	-73.16	0.0000	0.000	9937.500	291.0480	FI				
174	Spectrogram 1	1	291.317592980	291.317592980	16941.176	16941.176	16875.000	16875.000	-77.02	0.0000	0.000	16875.000	291.3173	FF				
175	Spectrogram 1	1	174.484006857	174.868372999	7443.850	15401.070	10875.000	11062.500	-76.34	0.3844	7957.220	10875.000	174.5920		SA	A	0	SB
176	Spectrogram 1	1	174.505213265	174.505213265	7828.877	7828.877	7875.000	7875.000	-68.91	0.0000	0.000	7875.000	174.5040	FI				
177	Spectrogram 1	1	174.855118994	174.855118994	13475.936	13475.936	13500.000	13500.000	-72.45	0.0000	0.000	13500.000	174.8560	FF				
178	Spectrogram 1	1	190.786039694	191.064373797	15016.043	24770.053	17812.500	18562.500	-84.77	0.2783	9754.010	17812.500	190.8347		SA	A	0	SB
179	Spectrogram 1	1	190.804595301	190.804595301	15657.754	15657.754	15750.000	15750.000	-79.79	0.0000	0.000	15750.000	190.8053	FI				
180	Spectrogram 1	1	191.051119792	191.051119792	24256.684	24256.684	24187.500	24187.500	-96.79	0.0000	0.000	24187.500	191.0507	FF				
181	Spectrogram 1	1	305.867844567	306.130273863	6930.481	20534.759	12000.000	10687.500	-79.71	0.2624	13604.278	12000.000	306.0080		SA	A	0	SB
182	Spectrogram 1	1	305.891701775	305.891701775	7315.508	7315.508	7312.500	7312.500	-79.30	0.0000	0.000	7312.500	305.8907	FI				
183	Spectrogram 1	1	306.114369058	306.114369058	19764.706	19764.706	19687.500	19687.500	-87.05	0.0000	0.000	19687.500	306.1147	FF				
184	Spectrogram 1	1	308.265425797	308.655093541	11807.487	21818.182	12000.000	14812.500	-82.44	0.3897	10010.695	12000.000	308.2773		SA	A	0	SB
185	Spectrogram 1	1	308.286632205	308.286632205	12705.882	12705.882	12750.000	12750.000	-85.62	0.0000	0.000	12750.000	308.2853	FI				
186	Spectrogram 1	1	308.644490337	308.644490337	21433.155	21433.155	21375.000	21375.000	-79.72	0.0000	0.000	21375.000	308.6453	FF				
187	Spectrogram 1	1	314.393744777	314.650872472	7828.877	18352.941	11625.000	11062.500	-76.22	0.2571	10524.064	11625.000	314.5307		SA	A	0	SB
188	Spectrogram 1	1	314.414951185	314.414951185	8342.246	8342.246	8250.000	8250.000	-64.67	0.0000	0.000	8250.000	314.4160	FI				
189	Spectrogram 1	1	314.629666064	314.629666064	17839.572	17839.572	17812.500	17812.500	-83.87	0.0000	0.000	17812.500	314.6293	FF				
190	Spectrogram 1	1	323.041592729	323.343784041	10909.091	22716.578	13312.500	13312.500	-81.87	0.3022	11807.487	13312.500	323.1307		SA	A	0	SB
191	Spectrogram 1	1	323.054846734	323.054846734	11422.460	11422.460	11437.500	11437.500	-81.02	0.0000	0.000	11437.500	323.0560	FI				
192	Spectrogram 1	1	323.333180837	323.333180837	22331.551	22331.551	22312.500	22312.500	-86.45	0.0000	0.000	22312.500	323.3333	FF				
193	Spectrogram 1	1	325.236496769	325.607608906	9497.326	20021.390	12000.000	12000.000	-80.13	0.3711	10524.064	12000.000	325.4560		SA	A	0	SB
194	Spectrogram 1	1	325.255052376	325.255052376	9754.011	9754.011	9750.000	9750.000	-69.76	0.0000	0.000	9750.000	325.2560	FI				
195	Spectrogram 1	1	325.597005702	325.597005702	19764.706	19764.706	19687.500	19687.500	-92.84	0.0000	0.000	19687.500	325.5973	FF				
196	Spectrogram 1	1	330.608306630	331.093403209	10395.722	23871.658	11250.000	12000.000	-81.70	0.4851	13475.936	11250.000	330.6587		SA	A	0	SB
197	Spectrogram 1	1	330.637465441	330.637465441	10780.749	10780.749	10687.500	10687.500	-59.91	0.0000	0.000	10687.500	330.6373	FI				
198	Spectrogram 1	1	331.077498403	331.077498403	23101.604	23101.604	23062.500	23062.500	-87.42	0.0000	0.000	23062.500	331.0773	FF				
199	Spectrogram 1	1	337.569822479	337.959490223	9625.668	27080.214	14437.500	14062.500	-82.40	0.3897	17454.546	14437.500	337.7307		SA	A	0	SB
200	Spectrogram 1	1	337.596330489	337.596330489	10395.722	10395.722	10312.500	10312.500	-97.84	0.0000	0.000	10312.500	337.5973	FI				
201	Spectrogram 1	1	337.951537820	337.951537820	26310.160	26310.160	26250.000	26250.000	-96.18	0.0000	0.000	26250.000	337.9520	FF				
202	Spectrogram 1	1	346.188102174	346.665246350	9368.984	21304.813	13875.000	12750.000	-79.53	0.4771	11935.829	13875.000	346.5227		NA	A	0	SB
203	Spectrogram 1	1	346.209308582	346.209308582	9882.353	9882.353	9937.500	9937.500	-74.17	0.0000	0.000	9937.500	346.2080	FI				
204	Spectrogram 1	1	346.651992345	346.651992345	21048.128	21048.128	21000.000	21000.000	-86.58	0.0000	0.000	21000.000	346.6507	FF				
205	Spectrogram 1	1	350.654569401	351.123761174	7187.166	18866.310	13500.000	12375.000	-76.35	0.4692	11679.144	13500.000	350.8773		SA	A	0	SB
206	Spectrogram 1	1	350.659871003	350.659871003	8598.930	8598.930	8625.000	8625.000	-85.88	0.0000	0.000	8625.000	350.6587	FI				
207	Spectrogram 1	1	351.113157970	351.113157970	18224.599	18224.599	18187.500	18187.500	-80.77	0.0000	0.000	18187.500	351.1120	FF				
208	Spectrogram 1	1	351.735288943	352.095797876	11550.802	24770.053	12187.500	14437.500	-84.54	0.3605	13219.251	12187.500	351.8640		SA	A	0	SB
209	Spectrogram 1	1	351.748542948	351.748542948	12064.171	12064.171	12000.000	12000.000	-76.02	0.0000	0.000	12000.000	351.7493	FI				
210	Spectrogram 1	1	352.083869272	352.083869272	23614.973	23614.973	23625.000	23625.000	-87.88	0.0000	0.000	23625.000	352.0827	FF				
211	Spectrogram 1	1	370.191032045	370.543588575	10139.037	22203.209	15937.500	13875.000	-80.04	0.3526	12064.172	15937.500	370.4053		SA	A	0	SB
212	Spectrogram 1	1	370.209587652	370.209587652	10524.064	10524.064	10500.000	10500.000	-71.18	0.0000	0.000	10500.000	370.2107	FI				
213	Spectrogram 1	1	370.535636172	370.535636172	21561.497	21561.497	21562.500	21562.500	-80.11	0.0000	0.000	21562.500	370.5360	FF				
214	Spectrogram 1	1	370.591302993	371.031335955	8727.273	18481.283	11437.500	11437.500	-77.83	0.4400	9754.010	11437.500	370.8133		SA	A	0	SB
215	Spectrogram 1	1	370.620461803	370.620461803	9112.299	9112.299	9187.500	9187.500	-65.72	0.0000	0.000	9187.500	370.6213	FI				
216	Spectrogram 1	1	371.012780348	371.012780348	17839.572	17839.572	17812.500	17812.500	-76.72	0.0000	0.000	17812.500	371.0133	FF				
217	Spectrogram 1	1	373.045780982	373.419543920	10267.380	22973.262	12562.500	13312.500	-79.18	0.3738	12705.882	12562.500	373.1227		SA	A	0	SB
218	Spectrogram 1	1	373.056384186	373.056384186	11037.433	11037.433	11062.500	11062.500	-75.70	0.0000	0.000	11062.500	373.0560	FI				
219	Spectrogram 1	1	373.411591517	373.411591517	22203.209	22203.209	22125.000	22125.000	-97.09	0.0000	0.000	22125.000	373.4107	FF				
220	Spectrogram 1	1	373.644862003	373.838370474	8085.561	19636.364	13312.500	12187.500	-78.26	0.1935	11550.803	13312.500	373.7307		SA	A	0	SB
221	Spectrogram 1	1	373.658116008	373.658116008	8855.615	8855.615	8812.500	8812.500	-85.04	0.0000	0.000	8812.500	373.6587	FI				
222	Spectrogram 1	1	373.819814867	373.819814867	18866.310	18866.310	18937.500	18937.500	-97.63	0.0000	0.000	18937.500	373.8187	FF				
223	Spectrogram 1	1	397.007300305	397.518904894	9368.984	18096.257	10687.500	11250.000	-77.67	0.5116	8727.273	10687.500	397.2107		SA	A	0	SB
224	Spectrogram 1	1	397.023205111	397.023205111	9625.668	9625.668	9562.500	9562.500	-71.76	0.0000	0.000	9562.500	397.0240	FI				
225	Spectrogram 1	1	397.484444481	397.484444481	17967.914	17967.914	18000.000	18000.000	-85.12	0.0000	0.000	18000.000	397.4853	FF				
226	Spectrogram 1	1	398.176529844	398.568848389	9368.984	19251.337	11062.500	12000.000	-80.18	0.3923	9882.353	11062.500	398.2800		SA	A	0	SB
227	Spectrogram 1	1	398.189783849	398.189783849	9882.353	9882.353	9937.500	9937.500	-77.43	0.0000	0.000	9937.500	398.1893	FI				
228	Spectrogram 1	1	398.555594384	398.555594384	18609.626	18609.626	18562.500	18562.500	-82.12	0.0000	0.000	18562.500	398.5547	FF				
229	Spectrogram 1	1	409.303520250	409.785966028	9882.353	19122.995	11062.500	12562.500	-78.94	0.4824	9240.642	11062.500	409.5573		SA	A	0	SB
230	Spectrogram 1	1	409.324726658	409.324726658	10267.380	10267.380	10312.500	10312.500	-73.14	0.0000	0.000	10312.500	409.3253	FI				
231	Spectrogram 1	1	409.762108819	409.762108819	18352.941	18352.941	18375.000	18375.000	-65.80	0.0000	0.000	18375.000	409.7627	FF				
232	Spectrogram 1	1	426.896719471	427.416276462	8727.273	19636.364	14250.000	11812.500	-80.51	0.5196	10909.091	14250.000	427.2213		SA	A	0	SB
233	Spectrogram 1	1	426.923227480	426.923227480	9368.984	9368.984	9375.000	9375.000	-70.45	0.0000	0.000	9375.000	426.9227	FI				
234	Spectrogram 1	1	427.405673258	427.405673258	19122.995	19122.995	19125.000	19125.000	-75.04	0.0000	0.000	19125.000	427.4053	FF				
235	Spectrogram 1	1	427.729070978	428.256580372	13860.963	31700.535	15937.500	16312.500	-86.60	0.5275	17839.572	15937.500	427.8693		SA	A	0	SB
236	Spectrogram 1	1	427.755578987	427.755578987	14631.016	14631.016	14625.000	14625.000	-88.58	0.0000	0.000	14625.000	427.7547	FI				
237	Spectrogram 1	1	428.238024765	428.238024765	30930.481	30930.481	30937.500	30937.500	-90.64	0.0000	0.000	30937.500	428.2373	FF				
238	Spectrogram 1	1	444.236448152	444.771909949	11679.144	34909.091	16687.500	16312.500	-83.39	0.5355	23229.947	16687.500	444.4027		SA	A	0	SB
239	Spectrogram 1	1	444.255003758	444.255003758	12320.856	12320.856	12375.000	12375.000	-84.44	0.0000	0.000	12375.000	444.2560	FI				
240	Spectrogram 1	1	444.750703541	444.750703541	33497.326	33497.326	33562.500	33562.500	-108.64	0.0000	0.000	33562.500	444.7520	FF				
241	Spectrogram 1	1	448.212709485	448.671298054	9754.011	32213.904	15000.000	13500.000	-81.57	0.4586	22459.893	15000.000	448.4027		SA	A	0	SB
242	Spectrogram 1	1	448.239217495	448.239217495	10652.406	10652.406	10687.500	10687.500	-84.05	0.0000	0.000	10687.500	448.2400	FI				
243	Spectrogram 1	1	448.652742447	448.652742447	31443.850	31443.850	31500.000	31500.000	-89.38	0.0000	0.000	31500.000	448.6533	FF				
244	Spectrogram 1	1	470.572918711	470.835348008	9497.326	19251.337	12562.500	12375.000	-78.44	0.2624	9754.011	12562.500	470.6880		SA	A	0	SB
245	Spectrogram 1	1	470.586172716	470.586172716	9882.353	9882.353	9937.500	9937.500	-75.65	0.0000	0.000	9937.500	470.5867	FI				
246	Spectrogram 1	1	470.824744804	470.824744804	18609.626	18609.626	18562.500	18562.500	-77.02	0.0000	0.000	18562.500	470.8240	FF				
247	Spectrogram 1	1	465.195384566	465.537337893	10524.064	28620.321	14437.500	14437.500	-82.80	0.3420	18096.257	14437.500	465.2773		SA	A	0	SB
248	Spectrogram 1	1	465.219241775	465.219241775	11294.118	11294.118	11250.000	11250.000	-72.69	0.0000	0.000	11250.000	465.2187	FI				
249	Spectrogram 1	1	465.518782286	465.518782286	27465.241	27465.241	27375.000	27375.000	-101.17	0.0000	0.000	27375.000	465.5200	FF				
250	Spectrogram 1	1	464.333874249	464.723541992	11422.460	33882.353	15187.500	15375.000	-83.70	0.3897	22459.893	15187.500	464.4027		SA	A	0	SB
251	Spectrogram 1	1	464.347128254	464.347128254	12064.171	12064.171	12000.000	12000.000	-85.69	0.0000	0.000	12000.000	464.3467	FI				
252	Spectrogram 1	1	464.704986386	464.704986386	32983.957	32983.957	33000.000	33000.000	-98.08	0.0000	0.000	33000.000	464.7040	FF				
253	Spectrogram 1	1	460.778893897	461.362070112	6032.086	24256.684	12000.000	10875.000	-80.72	0.5832	18224.598	12000.000	461.0987		SA	A	0	SB
254	Spectrogram 1	1	460.794798703	460.794798703	6545.455	6545.455	6562.500	6562.500	-78.97	0.0000	0.000	6562.500	460.7947	FI				
255	Spectrogram 1	1	461.343514505	461.343514505	23486.631	23486.631	23437.500	23437.500	-88.10	0.0000	0.000	23437.500	461.3440	FF				
256	Spectrogram 1	1	490.591444556	490.925445479	6417.112	22331.551	14062.500	12375.000	-79.35	0.3340	15914.439	14062.500	490.7040		SA	A	0	SB
257	Spectrogram 1	1	490.620603366	490.620603366	6930.481	6930.481	6937.500	6937.500	-75.25	0.0000	0.000	6937.500	490.6213	FI				
258	Spectrogram 1	1	490.917493076	490.917493076	21561.497	21561.497	21562.500	21562.500	-97.52	0.0000	0.000	21562.500	490.9173	FF				
259	Spectrogram 1	1	506.361475355	506.748492298	6417.112	23101.604	14062.500	12187.500	-79.36	0.3870	16684.492	14062.500	506.5253		SA	A	0	SB
260	Spectrogram 1	1	506.390634166	506.390634166	6802.139	6802.139	6750.000	6750.000	-73.87	0.0000	0.000	6750.000	506.3893	FI				
261	Spectrogram 1	1	506.743190696	506.743190696	22459.893	22459.893	22500.000	22500.000	-84.85	0.0000	0.000	22500.000	506.7440	FF				
262	Spectrogram 1	1	530.656799228	530.929831729	5903.743	18096.257	10875.000	10687.500	-79.34	0.2730	12192.514	10875.000	530.7547		SA	A	0	SB
263	Spectrogram 1	1	530.688608840	530.688608840	7187.166	7187.166	7125.000	7125.000	-73.54	0.0000	0.000	7125.000	530.6880	FI				
264	Spectrogram 1	1	530.908625321	530.908625321	17454.545	17454.545	17437.500	17437.500	-88.36	0.0000	0.000	17437.500	530.9093	FF				
265	Spectrogram 1	1	535.898528916	536.195418625	9112.299	22844.920	16687.500	16687.500	-75.83	0.2969	13732.621	16687.500	536.0213		SA	A	0	SB
266	Spectrogram 1	1	535.911782921	535.911782921	9625.668	9625.668	9562.500	9562.500	-70.00	0.0000	0.000	9562.500	535.9120	FI				
267	Spectrogram 1	1	536.187466223	536.187466223	21689.840	21689.840	21750.000	21750.000	-85.30	0.0000	0.000	21750.000	536.1867	FF				
268	Spectrogram 1	1	540.533421554	540.771993642	6930.481	17197.861	11062.500	12000.000	-77.09	0.2386	10267.380	11062.500	540.6133		SA	A	0	SB
269	Spectrogram 1	1	540.549326360	540.549326360	8085.561	8085.561	8062.500	8062.500	-66.77	0.0000	0.000	8062.500	540.5493	FI				
270	Spectrogram 1	1	540.758739637	540.758739637	16684.492	16684.492	16687.500	16687.500	-66.35	0.0000	0.000	16687.500	540.7600	FF				
271	Spectrogram 1	1	543.292130773	543.528052060	8727.273	17582.888	10875.000	12000.000	-77.94	0.2359	8855.615	10875.000	543.3360		SA	A	0	SB
272	Spectrogram 1	1	543.308035578	543.308035578	9240.642	9240.642	9187.500	9187.500	-97.39	0.0000	0.000	9187.500	543.3093	FI				
273	Spectrogram 1	1	543.512147254	543.512147254	16941.176	16941.176	16875.000	16875.000	-73.28	0.0000	0.000	16875.000	543.5120	FF				
274	Spectrogram 1	1	551.753999975	552.090651699	9882.353	24385.027	11250.000	11812.500	-77.42	0.3367	14502.674	11250.000	551.8187		SA	A	0	SB
275	Spectrogram 1	1	551.767253980	551.767253980	10909.091	10909.091	10875.000	10875.000	-76.24	0.0000	0.000	10875.000	551.7680	FI				
276	Spectrogram 1	1	552.074746893	552.074746893	23614.973	23614.973	23625.000	23625.000	-73.87	0.0000	0.000	23625.000	552.0747	FF				
277	Spectrogram 1	1	555.460689589	555.884817746	6288.770	18609.626	10312.500	10687.500	-76.87	0.4241	12320.856	10312.500	555.6667		SA	A	0	SB
278	Spectrogram 1	1	555.492499201	555.492499201	7058.824	7058.824	7125.000	7125.000	-70.73	0.0000	0.000	7125.000	555.4933	FI				
279	Spectrogram 1	1	555.876865343	555.876865343	17711.230	17711.230	17625.000	17625.000	-95.16	0.0000	0.000	17625.000	555.8773	FF				
280	Spectrogram 1	1	566.973469725	567.352534265	6673.797	20149.733	11437.500	11437.500	-78.37	0.3791	13475.936	11437.500	567.1600		SA	A	0	SB
281	Spectrogram 1	1	566.992025332	566.992025332	7058.824	7058.824	7125.000	7125.000	-79.60	0.0000	0.000	7125.000	566.9920	FI				
282	Spectrogram 1	1	567.339280260	567.339280260	18994.652	18994.652	18937.500	18937.500	-77.91	0.0000	0.000	18937.500	567.3387	FF				
283	Spectrogram 1	1	623.484418742	623.905896097	7443.850	21304.813	9750.000	11437.500	-80.18	0.4215	13860.963	9750.000	623.6053		SA	A	0	SB
284	Spectrogram 1	1	623.513577552	623.513577552	7572.193	7572.193	7500.000	7500.000	-77.29	0.0000	0.000	7500.000	623.5147	FI				
285	Spectrogram 1	1	623.897943694	623.897943694	21048.128	21048.128	21000.000	21000.000	-85.59	0.0000	0.000	21000.000	623.8987	FF				
286	Spectrogram 1	1	625.446052295	625.867529650	12192.513	17326.203	15000.000	14812.500	-75.42	0.4215	5133.690	15000.000	625.6667		SA	A	0	SB
287	Spectrogram 1	1	625.461957101	625.461957101	13604.278	13604.278	13687.500	13687.500	-73.25	0.0000	0.000	13687.500	625.4613	FI				
288	Spectrogram 1	1	625.856926447	625.856926447	16812.834	16812.834	16875.000	16875.000	-87.23	0.0000	0.000	16875.000	625.8560	FF				
289	Spectrogram 1	1	626.517202197	627.047362393	4491.979	20278.075	14062.500	10687.500	-78.94	0.5302	15786.096	14062.500	626.7920		SA	A	0	SB
290	Spectrogram 1	1	626.543710207	626.543710207	5005.348	5005.348	5062.500	5062.500	-71.47	0.0000	0.000	5062.500	626.5440	FI				
291	Spectrogram 1	1	627.028806786	627.028806786	19893.048	19893.048	19875.000	19875.000	-78.65	0.0000	0.000	19875.000	627.0293	FF				
292	Spectrogram 1	1	627.850555089	628.115635187	10010.695	23229.947	13687.500	12937.500	-77.99	0.2651	13219.252	13687.500	627.9467		SA	A	0	SB
293	Spectrogram 1	1	627.863809094	627.863809094	10652.406	10652.406	10687.500	10687.500	-69.20	0.0000	0.000	10687.500	627.8640	FI				
294	Spectrogram 1	1	628.105031983	628.105031983	22459.893	22459.893	22500.000	22500.000	-78.10	0.0000	0.000	22500.000	628.1040	FF				
295	Spectrogram 1	1	629.161504293	629.519362425	8727.273	18352.941	10687.500	11062.500	-75.66	0.3579	9625.668	10687.500	629.3787		SA	A	0	SB
296	Spectrogram 1	1	629.164155094	629.164155094	10010.695	10010.695	9937.500	9937.500	-99.56	0.0000	0.000	9937.500	629.1653	FI				
297	Spectrogram 1	1	629.503457619	629.503457619	17711.230	17711.230	17625.000	17625.000	-78.07	0.0000	0.000	17625.000	629.5040	FF				
298	Spectrogram 1	1	637.951061014	638.452062399	7315.508	20534.759	12562.500	12937.500	-78.65	0.5010	13219.251	12562.500	638.0587		SA	A	0	SB
299	Spectrogram 1	1	637.964315019	637.964315019	8470.588	8470.588	8437.500	8437.500	-74.02	0.0000	0.000	8437.500	637.9653	FI				
300	Spectrogram 1	1	638.433506792	638.433506792	19764.706	19764.706	19687.500	19687.500	-74.43	0.0000	0.000	19687.500	638.4347	FF				
301	Spectrogram 1	1	1108.777470309	1109.190995262	12064.171	18224.599	14625.000	14625.000	-75.05	0.4135	6160.428	14625.000	1108.9547		SA	A	0	SB
302	Spectrogram 1	1	1108.788073513	1108.788073513	13475.936	13475.936	13500.000	13500.000	-66.19	0.0000	0.000	13500.000	1108.7893	FI				
303	Spectrogram 1	1	1109.183042859	1109.183042859	17069.519	17069.519	17062.500	17062.500	-85.02	0.0000	0.000	17062.500	1109.1840	FF				
304	Spectrogram 1	1	1109.440170554	1109.731758661	12834.225	17839.572	14625.000	14812.500	-76.49	0.2916	5005.347	14625.000	1109.5493		SA	A	0	SB
305	Spectrogram 1	1	1109.450773758	1109.450773758	13604.278	13604.278	13687.500	13687.500	-66.31	0.0000	0.000	13687.500	1109.4507	FI				
306	Spectrogram 1	1	1109.718504656	1109.718504656	17326.203	17326.203	17250.000	17250.000	-87.95	0.0000	0.000	17250.000	1109.7173	FF				
307	Spectrogram 1	1	1116.802576405	1117.125974125	11165.775	22973.262	12562.500	12562.500	-78.39	0.3234	11807.487	12562.500	1116.8800		SA	A	0	SB
308	Spectrogram 1	1	1116.813179609	1116.813179609	11294.118	11294.118	11250.000	11250.000	-73.86	0.0000	0.000	11250.000	1116.8133	FI				
309	Spectrogram 1	1	1117.118021722	1117.118021722	22203.209	22203.209	22125.000	22125.000	-84.42	0.0000	0.000	22125.000	1117.1173	FF				
310	Spectrogram 1	1	1261.764627251	1262.058866160	10010.695	23229.947	13687.500	14812.500	-74.40	0.2942	13219.252	13687.500	1261.8213		SA	A	0	SB
311	Spectrogram 1	1	1261.783182858	1261.783182858	10395.722	10395.722	10312.500	10312.500	-81.07	0.0000	0.000	10312.500	1261.7840	FI				
312	Spectrogram 1	1	1262.048262956	1262.048262956	22588.235	22588.235	22500.000	22500.000	-75.11	0.0000	0.000	22500.000	1262.0480	FF				
313	Spectrogram 1	1	1302.159702210	1302.496353934	9497.326	18609.626	10312.500	12187.500	-79.00	0.3367	9112.300	10312.500	1302.1947		SA	A	0	SB
314	Spectrogram 1	1	1302.175607016	1302.175607016	10010.695	10010.695	9937.500	9937.500	-72.85	0.0000	0.000	9937.500	1302.1760	FI				
315	Spectrogram 1	1	1302.485750730	1302.485750730	17967.914	17967.914	18000.000	18000.000	-73.06	0.0000	0.000	18000.000	1302.4853	FF				
316	Spectrogram 1	1	1303.610524810	1303.973684544	8983.957	19251.337	13125.000	13312.500	-76.61	0.3632	10267.380	13125.000	1303.7493		SA	A	0	SB
317	Spectrogram 1	1	1303.621128014	1303.621128014	9625.668	9625.668	9562.500	9562.500	-70.73	0.0000	0.000	9562.500	1303.6213	FI				
318	Spectrogram 1	1	1303.952478137	1303.952478137	18481.283	18481.283	18562.500	18562.500	-74.50	0.0000	0.000	18562.500	1303.9520	FF				
319	Spectrogram 1	1	1304.183097822	1304.501193939	9368.984	17454.545	10687.500	11812.500	-77.63	0.3181	8085.561	10687.500	1304.2240		SA	A	0	SB
320	Spectrogram 1	1	1304.196351827	1304.196351827	9754.011	9754.011	9750.000	9750.000	-66.11	0.0000	0.000	9750.000	1304.1973	FI				
321	Spectrogram 1	1	1304.482638332	1304.482638332	16941.176	16941.176	16875.000	16875.000	-72.42	0.0000	0.000	16875.000	1304.4827	FF				
322	Spectrogram 1	1	1365.640944056	1366.054469008	10652.406	16427.807	14250.000	14437.500	-76.22	0.4135	5775.401	14250.000	1365.7813		SA	A	0	SB
323	Spectrogram 1	1	1365.646245658	1365.646245658	12705.882	12705.882	12750.000	12750.000	-69.26	0.0000	0.000	12750.000	1365.6453	FI				
324	Spectrogram 1	1	1366.043865804	1366.043865804	16171.123	16171.123	16125.000	16125.000	-79.02	0.0000	0.000	16125.000	1366.0427	FF				
325	Spectrogram 1	1	1469.414700499	1469.716891811	9368.984	17454.545	10875.000	11625.000	-77.08	0.3022	8085.561	10875.000	1469.4747		SA	A	0	SB
326	Spectrogram 1	1	1469.422652902	1469.422652902	9754.011	9754.011	9750.000	9750.000	-67.76	0.0000	0.000	9750.000	1469.4213	FI				
327	Spectrogram 1	1	1469.706288607	1469.706288607	16812.834	16812.834	16875.000	16875.000	-68.12	0.0000	0.000	16875.000	1469.7067	FF				
328	Spectrogram 1	1	1465.295098177	1465.621146697	7572.193	17967.914	12000.000	11437.500	-69.32	0.3260	10395.721	12000.000	1465.4507		SA	A	0	SB
329	Spectrogram 1	1	1465.308352182	1465.308352182	8727.273	8727.273	8812.500	8812.500	-71.99	0.0000	0.000	8812.500	1465.3093	FI				
330	Spectrogram 1	1	1465.607892693	1465.607892693	17582.888	17582.888	17625.000	17625.000	-76.99	0.0000	0.000	17625.000	1465.6080	FF				
331	Spectrogram 1	1	1563.762265261	1564.348092277	7058.824	19122.995	11625.000	10875.000	-76.80	0.5858	12064.171	11625.000	1564.1307		SA	A	0	SB
332	Spectrogram 1	1	1563.780820868	1563.780820868	8085.561	8085.561	8062.500	8062.500	-70.74	0.0000	0.000	8062.500	1563.7813	FI				
333	Spectrogram 1	1	1564.324235068	1564.324235068	18609.626	18609.626	18562.500	18562.500	-81.71	0.0000	0.000	18562.500	1564.3253	FF				
334	Spectrogram 1	1	1595.288878524	1595.673244666	10909.091	22074.866	11437.500	12375.000	-78.00	0.3844	11165.775	11437.500	1595.3627		SA	A	0	SB
335	Spectrogram 1	1	1595.307434131	1595.307434131	11679.144	11679.144	11625.000	11625.000	-80.82	0.0000	0.000	11625.000	1595.3067	FI				
336	Spectrogram 1	1	1595.659990661	1595.659990661	21176.471	21176.471	21187.500	21187.500	-81.67	0.0000	0.000	21187.500	1595.6587	FF				
337	Spectrogram 1	1	1517.972120495	1518.398899452	7187.166	18994.652	13312.500	11250.000	-77.59	0.4268	11807.486	13312.500	1518.2853		SA	A	0	SB
338	Spectrogram 1	1	1517.988025300	1517.988025300	7957.219	7957.219	7875.000	7875.000	-80.46	0.0000	0.000	7875.000	1517.9893	FI				
339	Spectrogram 1	1	1518.382994646	1518.382994646	18352.941	18352.941	18375.000	18375.000	-87.97	0.0000	0.000	18375.000	1518.3840	FF				
340	Spectrogram 1	1	1613.527444147	1613.832286260	8342.246	19379.679	10875.000	11062.500	-73.71	0.3048	11037.433	10875.000	1613.6613		SA	A	0	SB
341	Spectrogram 1	1	1613.545999754	1613.545999754	8342.246	8342.246	8250.000	8250.000	-69.10	0.0000	0.000	8250.000	1613.5467	FI				
342	Spectrogram 1	1	1613.816381454	1613.816381454	18866.310	18866.310	18937.500	18937.500	-91.07	0.0000	0.000	18937.500	1613.8160	FF				
343	Spectrogram 1	1	1296.461239370	1296.734271871	9882.353	19636.364	10687.500	13687.500	-77.45	0.2730	9754.011	10687.500	1296.4960		SA	A	0	SB
344	Spectrogram 1	1	1296.471842574	1296.471842574	10524.064	10524.064	10500.000	10500.000	-79.23	0.0000	0.000	10500.000	1296.4720	FI				
345	Spectrogram 1	1	1296.723668667	1296.723668667	18994.652	18994.652	18937.500	18937.500	-81.38	0.0000	0.000	18937.500	1296.7227	FF				
346	Spectrogram 1	1	1361.643476315	1362.041096461	8085.561	20791.444	10500.000	11250.000	-80.01	0.3976	12705.883	10500.000	1361.7360		SA	A	0	SB
347	Spectrogram 1	1	1361.667333523	1361.667333523	8855.615	8855.615	8812.500	8812.500	-74.78	0.0000	0.000	8812.500	1361.6667	FI				
348	Spectrogram 1	1	1362.030493257	1362.030493257	20149.733	20149.733	20062.500	20062.500	-78.45	0.0000	0.000	20062.500	1362.0293	FF				
349	Spectrogram 1	1	1165.459306951	1165.846323894	13219.251	22716.578	13875.000	14437.500	-79.50	0.3870	9497.327	13875.000	1165.4827		SA	A	0	SB
350	Spectrogram 1	1	1165.480513359	1165.480513359	14117.647	14117.647	14062.500	14062.500	-71.64	0.0000	0.000	14062.500	1165.4800	FI				
351	Spectrogram 1	1	1165.838371491	1165.838371491	21946.524	21946.524	21937.500	21937.500	-75.07	0.0000	0.000	21937.500	1165.8373	FF				
352	Spectrogram 1	1	1178.799135224	1179.207358575	9754.011	23229.947	13125.000	12000.000	-79.90	0.4082	13475.936	13125.000	1178.9813		SA	A	0	SB
353	Spectrogram 1	1	1178.820341632	1178.820341632	11294.118	11294.118	11250.000	11250.000	-72.75	0.0000	0.000	11250.000	1178.8213	FI				
354	Spectrogram 1	1	1179.196755371	1179.196755371	22716.578	22716.578	22687.500	22687.500	-89.06	0.0000	0.000	22687.500	1179.1973	FF				
355	Spectrogram 1	1	1180.611083089	1180.958338017	12705.882	20278.075	15562.500	15000.000	-77.48	0.3473	7572.193	15562.500	1180.8533		SA	A	0	SB
356	Spectrogram 1	1	1180.624337094	1180.624337094	13604.278	13604.278	13687.500	13687.500	-75.84	0.0000	0.000	13687.500	1180.6240	FI				
357	Spectrogram 1	1	1180.942433211	1180.942433211	19636.364	19636.364	19687.500	19687.500	-70.84	0.0000	0.000	19687.500	1180.9413	FF				
358	Spectrogram 1	1	1186.261846108	1186.693926667	10010.695	22203.209	14437.500	12750.000	-80.63	0.4321	12192.514	14437.500	1186.4240		SA	A	0	SB
359	Spectrogram 1	1	1186.277750914	1186.277750914	10652.406	10652.406	10687.500	10687.500	-69.05	0.0000	0.000	10687.500	1186.2773	FI				
360	Spectrogram 1	1	1186.680672662	1186.680672662	21689.840	21689.840	21750.000	21750.000	-81.06	0.0000	0.000	21750.000	1186.6800	FFF				
361	Spectrogram 1	1	1186.723085478	1187.041181595	6160.428	20663.102	9000.000	9562.500	-73.61	0.3181	14502.674	9000.000	1186.8293		SA	A	0	SB
362	Spectrogram 1	1	1186.749593488	1186.749593488	6673.797	6673.797	6750.000	6750.000	-72.37	0.0000	0.000	6750.000	1186.7493	FI				
363	Spectrogram 1	1	1187.025276789	1187.025276789	20149.733	20149.733	20062.500	20062.500	-82.35	0.0000	0.000	20062.500	1187.0240	FF				
364	Spectrogram 1	1	1195.948420744	1196.226754846	9625.668	20021.390	13500.000	13125.000	-79.53	0.2783	10395.722	13500.000	1196.0373		SA	A	0	SB
365	Spectrogram 1	1	1195.956373147	1195.956373147	10267.380	10267.380	10312.500	10312.500	-74.66	0.0000	0.000	10312.500	1195.9573	FI				
366	Spectrogram 1	1	1196.202897638	1196.202897638	19379.679	19379.679	19312.500	19312.500	-84.27	0.0000	0.000	19312.500	1196.2027	FF				
367	Spectrogram 1	1	1211.645457351	1211.987410677	7957.219	15914.439	11625.000	11437.500	-74.60	0.3420	7957.220	11625.000	1211.8187		SA	A	0	SB
368	Spectrogram 1	1	1211.661362157	1211.661362157	8470.588	8470.588	8437.500	8437.500	-78.78	0.0000	0.000	8437.500	1211.6613	FI				
369	Spectrogram 1	1	1211.982109075	1211.982109075	15016.043	15016.043	15000.000	15000.000	-80.13	0.0000	0.000	15000.000	1211.9813	FF				
370	Spectrogram 1	1	1212.374427620	1212.676618931	9368.984	20278.075	15750.000	13687.500	-80.11	0.3022	10909.091	15750.000	1212.5333		SA	A	0	SB
371	Spectrogram 1	1	1212.392983227	1212.392983227	9754.011	9754.011	9750.000	9750.000	-75.92	0.0000	0.000	9750.000	1212.3920	FI				
372	Spectrogram 1	1	1212.655412523	1212.655412523	19636.364	19636.364	19687.500	19687.500	-72.91	0.0000	0.000	19687.500	1212.6560	FF				
373	Spectrogram 1	1	1217.814771007	1218.151422731	7315.508	19636.364	9562.500	9937.500	-71.88	0.3367	12320.856	9562.500	1217.9387		SA	A	0	SB
374	Spectrogram 1	1	1217.833326614	1217.833326614	7572.193	7572.193	7500.000	7500.000	-80.69	0.0000	0.000	7500.000	1217.8320	FI				
375	Spectrogram 1	1	1218.135517925	1218.135517925	19636.364	19636.364	19687.500	19687.500	-81.17	0.0000	0.000	19687.500	1218.1360	FF				
376	Spectrogram 1	1	1212.795100443	1213.142355371	5775.401	19379.679	9937.500	10125.000	-73.31	0.3473	13604.278	9937.500	1212.9760		SA	A	0	SB
377	Spectrogram 1	1	1212.811005249	1212.811005249	6417.112	6417.112	6375.000	6375.000	-63.84	0.0000	0.000	6375.000	1212.8107	FI				
378	Spectrogram 1	1	1213.134402968	1213.134402968	18866.310	18866.310	18937.500	18937.500	-68.95	0.0000	0.000	18937.500	1213.1333	FF				
379	Spectrogram 1	1	1025.978986916	1026.344797451	5262.032	20663.102	11250.000	11062.500	-74.31	0.3658	15401.070	11250.000	1026.1547		SA	A	0	SB
380	Spectrogram 1	1	1026.000193324	1026.000193324	6032.086	6032.086	6000.000	6000.000	-77.96	0.0000	0.000	6000.000	1026.0000	FI				
381	Spectrogram 1	1	1026.318289442	1026.318289442	20149.733	20149.733	20062.500	20062.500	-76.67	0.0000	0.000	20062.500	1026.3173	FF				
382	Spectrogram 1	1	1038.713202629	1039.020695543	6160.428	20919.786	11250.000	11437.500	-72.62	0.3075	14759.358	11250.000	1038.8507		SA	A	0	SB
383	Spectrogram 1	1	1038.729107435	1038.729107435	7315.508	7315.508	7312.500	7312.500	-83.21	0.0000	0.000	7312.500	1038.7280	FI				
384	Spectrogram 1	1	1039.004790737	1039.004790737	20406.417	20406.417	20437.500	20437.500	-72.37	0.0000	0.000	20437.500	1039.0053	FF				
385	Spectrogram 1	1	1097.573601226	1097.934110159	10524.064	23229.947	12375.000	13125.000	-81.76	0.3605	12705.883	12375.000	1097.6213		SA	A	0	SB
386	Spectrogram 1	1	1097.584204430	1097.584204430	11294.118	11294.118	11250.000	11250.000	-79.40	0.0000	0.000	11250.000	1097.5840	FI				
387	Spectrogram 1	1	1097.915554552	1097.915554552	22459.893	22459.893	22500.000	22500.000	-92.78	0.0000	0.000	22500.000	1097.9147	FF				
388	Spectrogram 1	1	1104.873192387	1105.162129694	6673.797	22331.551	12750.000	10312.500	-79.07	0.2889	15657.754	12750.000	1104.9893		SA	A	0	SB
389	Spectrogram 1	1	1104.889097193	1104.889097193	7700.535	7700.535	7687.500	7687.500	-66.91	0.0000	0.000	7687.500	1104.8880	FI				
390	Spectrogram 1	1	1105.154177291	1105.154177291	21433.155	21433.155	21375.000	21375.000	-89.84	0.0000	0.000	21375.000	1105.1547	FF				
391	Spectrogram 1	1	1105.902734006	1106.183718910	7058.824	20149.733	11812.500	11625.000	-77.55	0.2810	13090.909	11812.500	1106.0480		SA	A	0	SB
392	Spectrogram 1	1	1105.918638812	1105.918638812	7572.193	7572.193	7500.000	7500.000	-70.59	0.0000	0.000	7500.000	1105.9173	FI				
393	Spectrogram 1	1	1106.173115706	1106.173115706	19636.364	19636.364	19687.500	19687.500	-78.92	0.0000	0.000	19687.500	1106.1733	FF				
394	Spectrogram 1	1	844.173143479	844.536303213	11550.802	22716.578	16687.500	16687.500	-74.84	0.3632	11165.776	16687.500	844.2613		SA	A	0	SB
395	Spectrogram 1	1	844.204953090	844.204953090	12577.540	12577.540	12562.500	12562.500	-82.42	0.0000	0.000	12562.500	844.2053	FI				
396	Spectrogram 1	1	844.509795203	844.509795203	21818.182	21818.182	21750.000	21750.000	-73.32	0.0000	0.000	21750.000	844.5093	FF				
397	Spectrogram 1	1	877.884660288	878.189502400	9497.326	20021.390	13687.500	13125.000	-73.61	0.3048	10524.064	13687.500	878.0213		SA	A	0	SB
398	Spectrogram 1	1	877.897914293	877.897914293	10139.037	10139.037	10125.000	10125.000	-71.17	0.0000	0.000	10125.000	877.8987	FI				
399	Spectrogram 1	1	878.170946793	878.170946793	19379.679	19379.679	19312.500	19312.500	-77.05	0.0000	0.000	19312.500	878.1707	FF				
400	Spectrogram 1	1	878.401566478	878.838948640	8727.273	17069.519	13125.000	12187.500	-72.04	0.4374	8342.246	13125.000	878.7200		SA	A	0	SB
401	Spectrogram 1	1	878.417471284	878.417471284	9368.984	9368.984	9375.000	9375.000	-68.28	0.0000	0.000	9375.000	878.4187	FI				
402	Spectrogram 1	1	878.825694635	878.825694635	16812.834	16812.834	16875.000	16875.000	-84.63	0.0000	0.000	16875.000	878.8267	FF				
403	Spectrogram 1	1	878.976790291	879.278981602	9754.011	20791.444	10312.500	13312.500	-73.16	0.3022	11037.433	10312.500	878.9973		SA	A	0	SB
404	Spectrogram 1	1	878.992695096	878.992695096	10139.037	10139.037	10125.000	10125.000	-66.59	0.0000	0.000	10125.000	878.9920	FI				
405	Spectrogram 1	1	879.271029199	879.271029199	19636.364	19636.364	19687.500	19687.500	-78.13	0.0000	0.000	19687.500	879.2720	FF				
406	Spectrogram 1	1	662.102643986	662.463152919	7187.166	21433.155	14625.000	11625.000	-79.96	0.3605	14245.989	14625.000	662.2107		SA	A	0	SB
407	Spectrogram 1	1	662.113247190	662.113247190	7700.535	7700.535	7687.500	7687.500	-90.29	0.0000	0.000	7687.500	662.1120	FI				
408	Spectrogram 1	1	662.455200516	662.455200516	20663.102	20663.102	20625.000	20625.000	-75.51	0.0000	0.000	20625.000	662.4560	FF				
409	Spectrogram 1	1	675.103978353	675.522804908	10010.695	20406.417	12937.500	12937.500	-81.27	0.4188	10395.722	12937.500	675.1813		SA	A	0	SB
410	Spectrogram 1	1	675.114581557	675.114581557	10395.722	10395.722	10312.500	10312.500	-75.12	0.0000	0.000	10312.500	675.1147	FI				
411	Spectrogram 1	1	675.509550903	675.509550903	20021.390	20021.390	20062.500	20062.500	-81.45	0.0000	0.000	20062.500	675.5093	FF				
412	Spectrogram 1	1	686.019518288	686.356170013	8598.930	19122.995	12562.500	12000.000	-78.73	0.3367	10524.065	12562.500	686.1520		SA	A	0	SB
413	Spectrogram 1	1	686.038073895	686.038073895	9240.642	9240.642	9187.500	9187.500	-82.91	0.0000	0.000	9187.500	686.0373	FI				
414	Spectrogram 1	1	686.345566809	686.345566809	18609.626	18609.626	18562.500	18562.500	-80.89	0.0000	0.000	18562.500	686.3467	FF				
415	Spectrogram 1	1	702.326855451	702.557475136	9112.299	18994.652	11812.500	13687.500	-74.19	0.2306	9882.353	11812.500	702.4240		SA	A	0	SB
416	Spectrogram 1	1	702.350712660	702.350712660	9368.984	9368.984	9375.000	9375.000	-69.24	0.0000	0.000	9375.000	702.3520	FI				
417	Spectrogram 1	1	702.544221131	702.544221131	18737.968	18737.968	18750.000	18750.000	-74.82	0.0000	0.000	18750.000	702.5440	FF				
418	Spectrogram 1	1	702.538919530	702.997508099	9240.642	23101.604	10687.500	11625.000	-80.45	0.4586	13860.962	10687.500	702.6053		SA	A	0	SB
419	Spectrogram 1	1	702.549522733	702.549522733	10524.064	10524.064	10500.000	10500.000	-60.79	0.0000	0.000	10500.000	702.5493	FI				
420	Spectrogram 1	1	702.978952492	702.978952492	22331.551	22331.551	22312.500	22312.500	-77.86	0.0000	0.000	22312.500	702.9787	FF				
421	Spectrogram 1	1	732.328412790	732.630604101	9368.984	15914.439	11250.000	11812.500	-77.35	0.3022	6545.455	11250.000	732.4480		SA	A	0	SB
422	Spectrogram 1	1	732.349619198	732.349619198	10010.695	10010.695	9937.500	9937.500	-87.37	0.0000	0.000	9937.500	732.3493	FI				
423	Spectrogram 1	1	732.601445291	732.601445291	15272.727	15272.727	15187.500	15187.500	-82.67	0.0000	0.000	15187.500	732.6027	FF				
424	Spectrogram 1	1	733.030875049	733.277399540	9754.011	16812.834	13500.000	12375.000	-75.72	0.2465	7058.823	13500.000	733.1867		SA	A	0	SB
425	Spectrogram 1	1	733.044129054	733.044129054	10139.037	10139.037	10125.000	10125.000	-65.13	0.0000	0.000	10125.000	733.0453	FI				
426	Spectrogram 1	1	733.266796336	733.266796336	16042.781	16171.123	16125.000	16125.000	-74.17	0.0000	128.342	16125.000	733.2667	FF				
427	Spectrogram 1	1	733.854886854	734.194189379	5903.743	20919.786	11062.500	10687.500	-78.14	0.3393	15016.043	11062.500	733.9893		SA	A	0	SB
428	Spectrogram 1	1	733.862839257	733.862839257	6930.481	6930.481	6937.500	6937.500	-66.86	0.0000	0.000	6937.500	733.8640	FI				
429	Spectrogram 1	1	734.170332170	734.170332170	20534.759	20534.759	20625.000	20625.000	-81.08	0.0000	0.000	20625.000	734.1707	FF				
430	Spectrogram 1	1	751.065143520	751.407096846	13090.909	22203.209	14625.000	14437.500	-78.18	0.3420	9112.300	14625.000	751.3067		SA	A	0	SB
431	Spectrogram 1	1	751.081048326	751.081048326	14117.647	14117.647	14062.500	14062.500	-90.35	0.0000	0.000	14062.500	751.0800	FI				
432	Spectrogram 1	1	751.396493642	751.396493642	21048.128	21048.128	21000.000	21000.000	-93.19	0.0000	0.000	21000.000	751.3973	FF				
433	Spectrogram 1	1	751.648319735	751.929304638	6802.139	21176.471	10875.000	11625.000	-76.98	0.2810	14374.332	10875.000	751.7307		SA	A	0	SB
434	Spectrogram 1	1	751.666875342	751.666875342	7187.166	7187.166	7125.000	7125.000	-68.24	0.0000	0.000	7125.000	751.6667	FI				
435	Spectrogram 1	1	751.926653837	751.926653837	20663.102	20663.102	20625.000	20625.000	-76.48	0.0000	0.000	20625.000	751.9253	FF				
436	Spectrogram 1	1	753.738408052	754.075059776	12449.198	22973.262	16875.000	16500.000	-81.75	0.3367	10524.064	16875.000	753.8293		SA	A	0	SB
437	Spectrogram 1	1	753.754312858	753.754312858	12962.567	12962.567	12937.500	12937.500	-79.50	0.0000	0.000	12937.500	753.7547	FI				
438	Spectrogram 1	1	754.056504170	754.056504170	22203.209	22203.209	22125.000	22125.000	-79.32	0.0000	0.000	22125.000	754.0560	FF				
439	Spectrogram 1	1	757.500347254	757.810490969	13475.936	23229.947	17062.500	16875.000	-82.34	0.3101	9754.011	17062.500	757.5627		SA	A	0	SB
440	Spectrogram 1	1	757.510950458	757.510950458	14245.989	14245.989	14250.000	14250.000	-80.01	0.0000	0.000	14250.000	757.5120	FI				
441	Spectrogram 1	1	757.797236964	757.797236964	22588.235	22588.235	22500.000	22500.000	-82.82	0.0000	0.000	22500.000	757.7973	FF				
442	Spectrogram 1	1	758.073342947	758.356978651	13860.963	21048.128	14625.000	14625.000	-77.36	0.2836	7187.165	14625.000	758.1973		SA	A	0	SB
443	Spectrogram 1	1	758.094549354	758.094549354	14245.989	14245.989	14250.000	14250.000	-72.57	0.0000	0.000	14250.000	758.0933	FI				
444	Spectrogram 1	1	758.338423044	758.338423044	20534.759	20534.759	20625.000	20625.000	-87.78	0.0000	0.000	20625.000	758.3387	FF				
445	Spectrogram 1	1	764.960821846	765.260362356	7957.219	22716.578	11437.500	12000.000	-78.94	0.2995	14759.359	11437.500	765.0373		SA	A	0	SB
446	Spectrogram 1	1	764.982028253	764.982028253	8213.904	8213.904	8250.000	8250.000	-69.12	0.0000	0.000	8250.000	764.9813	FI				
447	Spectrogram 1	1	765.247108351	765.247108351	22074.866	22074.866	22125.000	22125.000	-85.85	0.0000	0.000	22125.000	765.2480	FF				
448	Spectrogram 1	1	764.295470800	764.621726591	13347.594	17454.545	14812.500	14625.000	-77.84	0.3263	4106.951	14812.500	764.4507		SA	A	0	SB
449	Spectrogram 1	1	764.319328009	764.319328009	13732.620	13732.620	13687.500	13687.500	-82.06	0.0000	0.000	13687.500	764.3200	FI				
450	Spectrogram 1	1	764.602963714	764.602963714	16427.807	16427.807	16500.000	16500.000	-75.58	0.0000	0.000	16500.000	764.6027	FF				
451	Spectrogram 1	1	769.591233759	769.983552303	7187.166	20534.759	11062.500	11250.000	-78.63	0.3923	13347.593	11062.500	769.6827		SA	A	0	SB
452	Spectrogram 1	1	769.604487763	769.604487763	7700.535	7700.535	7687.500	7687.500	-71.84	0.0000	0.000	7687.500	769.6053	FI				
453	Spectrogram 1	1	769.975599900	769.975599900	20021.390	20021.390	20062.500	20062.500	-90.12	0.0000	0.000	20062.500	769.9760	FF				
454	Spectrogram 1	1	614.880407193	615.267424135	9625.668	17326.203	10500.000	10687.500	-72.98	0.3870	7700.535	10500.000	615.0507		SA	A	0	SB
455	Spectrogram 1	1	614.906915202	614.906915202	10010.695	10010.695	9937.500	9937.500	-69.56	0.0000	0.000	9937.500	614.9067	FI				
456	Spectrogram 1	1	615.256820931	615.256820931	16684.492	16684.492	16687.500	16687.500	-83.18	0.0000	0.000	16687.500	615.2560	FF				
457	Spectrogram 1	1	636.703122875	637.124600230	11294.118	22716.578	13125.000	12937.500	-78.97	0.4215	11422.460	13125.000	636.7867		SA	A	0	SB
458	Spectrogram 1	1	636.721678482	636.721678482	11807.487	11807.487	11812.500	11812.500	-63.56	0.0000	0.000	11812.500	636.7227	FI				
459	Spectrogram 1	1	637.111346225	637.111346225	22074.866	22074.866	22125.000	22125.000	-83.15	0.0000	0.000	22125.000	637.1120	FF				
