Selection	View	Channel	Begin Time (s)	End Time (s)	Low Freq (Hz)	High Freq (Hz)	Max Freq (Hz)	Center Freq (Hz)	Avg Power Density (dB FS)	Delta Time (s)	Delta Freq (Hz)	Peak Freq (Hz)	Peak Time (s)	observacoes	PF_check	modulacao	Pi	sobreposicao
1	Spectrogram 1	1	4.116470201	4.368700349	9415.385	16153.846	12375.000	13406.250	-79.61	0.2522	6738.461	12375.000	4.1973		SA	A	0	SB
2	Spectrogram 1	1	4.123525589	4.123525589	9876.923	9876.923	9843.750	9843.750	-71.68	0.0000	0.000	9843.750	4.1227	FI				
3	Spectrogram 1	1	4.361644960	4.361644960	15507.692	15507.692	15468.750	15468.750	-73.33	0.0000	0.000	15468.750	4.3627	FF				
4	Spectrogram 1	1	6.377438851	6.703750581	10615.385	19661.538	15281.250	14718.750	-82.58	0.3263	9046.153	15281.250	6.6987		SA	A	0	SB
5	Spectrogram 1	1	6.386258087	6.386258087	11076.923	11076.923	11062.500	11062.500	-84.29	0.0000	0.000	11062.500	6.3840	FI				
6	Spectrogram 1	1	6.691403650	6.691403650	19384.615	19384.615	19406.250	19406.250	-82.86	0.0000	0.000	19406.250	6.6933	FF				
7	Spectrogram 1	1	13.010768302	13.333552337	8093.653	21409.018	20062.500	18281.250	-78.70	0.3228	13315.365	20062.500	13.2320		SA	AC	1	SB
8	Spectrogram 1	1	13.021351385	13.021351385	8676.923	8676.923	8718.750	8718.750	-83.94	0.0000	0.000	8718.750	13.0240	FI				
9	Spectrogram 1	1	13.324733101	13.324733101	20953.846	20953.846	21000.000	21000.000	-75.38	0.0000	0.000	21000.000	13.3227	FF				
10	Spectrogram 1	1	23.237391931	23.588397522	9323.077	17446.154	15281.250	15281.250	-79.22	0.3510	8123.077	15281.250	23.3333		SA	AC	1	SB
11	Spectrogram 1	1	23.249738862	23.249738862	9876.923	9876.923	9843.750	9843.750	-85.09	0.0000	0.000	9843.750	23.2480	FI				
12	Spectrogram 1	1	23.577814439	23.577814439	16800.000	16800.000	16781.250	16781.250	-66.22	0.0000	0.000	16781.250	23.5787	FF				
13	Spectrogram 1	1	26.146732176	26.338991520	7846.154	14215.385	10031.250	10593.750	-81.03	0.1923	6369.231	10031.250	26.3200		NA	A	0	SB
14	Spectrogram 1	1	26.155551412	26.155551412	8492.308	8492.308	8531.250	8531.250	-82.25	0.0000	0.000	8531.250	26.1547	FI				
15	Spectrogram 1	1	26.337227673	26.337227673	13938.462	13938.462	13968.750	13968.750	-76.89	0.0000	0.000	13968.750	26.3360	FF				
16	Spectrogram 1	1	26.266673785	26.591221668	6184.615	19292.308	15468.750	13781.250	-81.02	0.3245	13107.693	15468.750	26.4320		SA	A	0	SB
17	Spectrogram 1	1	26.275493021	26.275493021	6923.077	6923.077	6937.500	6937.500	-84.40	0.0000	0.000	6937.500	26.2773	FI				
18	Spectrogram 1	1	26.577110890	26.577110890	18738.462	18738.462	18750.000	18750.000	-78.38	0.0000	0.000	18750.000	26.5760	FF				
19	Spectrogram 1	1	26.800392742	27.093191376	5630.769	18369.231	15187.500	14343.750	-81.32	0.2928	12738.462	15187.500	27.0027		SA	A	0	SB
20	Spectrogram 1	1	26.812739672	26.812739672	6092.308	6092.308	6093.750	6093.750	-83.05	0.0000	0.000	6093.750	26.8107	FI				
21	Spectrogram 1	1	27.087899834	27.087899834	18092.308	18092.308	18093.750	18093.750	-72.93	0.0000	0.000	18093.750	27.0880	FF				
22	Spectrogram 1	1	29.405444181	29.715881286	8030.769	20492.308	16875.000	16968.750	-77.34	0.3104	12461.539	16875.000	29.6640		NA	AC	1	SB
23	Spectrogram 1	1	29.414263417	29.414263417	8676.923	8676.923	8718.750	8718.750	-70.75	0.0000	0.000	8718.750	29.4133	FI				
24	Spectrogram 1	1	29.705298203	29.705298203	18923.077	18923.077	18937.500	18937.500	-74.30	0.0000	0.000	18937.500	29.7067	FF				
25	Spectrogram 1	1	29.594175830	29.797018257	12092.308	22061.538	16875.000	17437.500	-75.61	0.2028	9969.230	16875.000	29.6640		SA	A	0	SB
26	Spectrogram 1	1	29.606522760	29.606522760	12830.769	12830.769	12843.750	12843.750	-66.25	0.0000	0.000	12843.750	29.6053	FI				
27	Spectrogram 1	1	29.791726715	29.791726715	21507.692	21507.692	21468.750	21468.750	-84.10	0.0000	0.000	21468.750	29.7920	FF				
28	Spectrogram 1	1	31.009619931	31.397666313	8123.077	20769.231	17437.500	17343.750	-76.00	0.3880	12646.154	17437.500	31.2053		SA	A	0	SB
29	Spectrogram 1	1	31.018439167	31.018439167	8769.231	8769.231	8812.500	8812.500	-73.38	0.0000	0.000	8812.500	31.0187	FI				
30	Spectrogram 1	1	31.385319383	31.385319383	20215.385	20215.385	20250.000	20250.000	-72.79	0.0000	0.000	20250.000	31.3867	FF				
31	Spectrogram 1	1	31.529954852	31.739852668	7569.231	21784.615	16593.750	16218.750	-78.61	0.2099	14215.384	16593.750	31.6213		SA	A	0	SB
32	Spectrogram 1	1	31.535246394	31.535246394	8123.077	8123.077	8156.250	8156.250	-72.38	0.0000	0.000	8156.250	31.5360	FI				
33	Spectrogram 1	1	31.731033432	31.731033432	21138.462	21138.462	21093.750	21093.750	-76.36	0.0000	0.000	21093.750	31.7333	FF				
34	Spectrogram 1	1	46.889204155	47.303708245	10338.462	18276.923	15937.500	14625.000	-78.97	0.4145	7938.461	15937.500	47.0987		SA	A	0	SB
35	Spectrogram 1	1	46.894495697	46.894495697	10892.308	10892.308	10875.000	10875.000	-66.72	0.0000	0.000	10875.000	46.8960	FI				
36	Spectrogram 1	1	47.294889009	47.294889009	17261.538	17261.538	17250.000	17250.000	-87.39	0.0000	0.000	17250.000	47.2960	FF				
37	Spectrogram 1	1	50.516031933	50.725929748	7661.538	22061.538	16500.000	14531.250	-83.16	0.2099	14400.000	16500.000	50.6080		SA	A	0	SB
38	Spectrogram 1	1	50.521323474	50.521323474	8215.385	8215.385	8250.000	8250.000	-75.34	0.0000	0.000	8250.000	50.5227	FI				
39	Spectrogram 1	1	50.713582818	50.713582818	21692.308	21692.308	21656.250	21656.250	-82.82	0.0000	0.000	21656.250	50.7147	FF				
40	Spectrogram 1	1	49.721266333	50.054633452	7753.846	17169.231	16875.000	16781.250	-69.47	0.3334	9415.385	16875.000	49.9307		SA	A	0	SB
41	Spectrogram 1	1	49.731849416	49.731849416	8307.692	8307.692	8343.750	8343.750	-83.83	0.0000	0.000	8343.750	49.7333	FI				
42	Spectrogram 1	1	50.038758827	50.038758827	16984.615	16984.615	16968.750	16968.750	-76.59	0.0000	0.000	16968.750	50.0373	FF				
43	Spectrogram 1	1	51.742280417	52.211463770	5353.846	27507.692	15562.500	15843.750	-76.82	0.4692	22153.846	15562.500	51.9093		SA	A	0	SB
44	Spectrogram 1	1	51.751099653	51.751099653	6092.308	6092.308	6093.750	6093.750	-88.30	0.0000	0.000	6093.750	51.7493	FI				
45	Spectrogram 1	1	52.206172228	52.206172228	26584.615	26584.615	26625.000	26625.000	-81.51	0.0000	0.000	26625.000	52.2080	FF				
46	Spectrogram 1	1	52.461930071	52.758256399	5907.692	21784.615	10593.750	14437.500	-81.07	0.2963	15876.923	10593.750	52.5333		SA	A	0	SB
47	Spectrogram 1	1	52.470749307	52.470749307	6369.231	6369.231	6375.000	6375.000	-72.68	0.0000	0.000	6375.000	52.4693	FI				
48	Spectrogram 1	1	52.738854080	52.738854080	21323.077	21323.077	21281.250	21281.250	-71.78	0.0000	0.000	21281.250	52.7413	FF				
49	Spectrogram 1	1	56.118941702	56.381754933	7107.692	21138.462	15468.750	13312.500	-81.07	0.2628	14030.770	15468.750	56.2400		SA	A	0	SB
50	Spectrogram 1	1	56.125997091	56.125997091	7661.538	7661.538	7687.500	7687.500	-70.16	0.0000	0.000	7687.500	56.1280	FI				
51	Spectrogram 1	1	56.374699545	56.374699545	20676.923	20676.923	20718.750	20718.750	-75.49	0.0000	0.000	20718.750	56.3733	FF				
52	Spectrogram 1	1	58.483981277	58.864972270	7938.462	21230.769	15375.000	15375.000	-79.48	0.3810	13292.307	15375.000	58.6880		SA	A	0	SB
53	Spectrogram 1	1	58.498092055	58.498092055	8256.560	8256.560	8250.000	8250.000	-83.53	0.0000	0.000	8250.000	58.4960	FI				
54	Spectrogram 1	1	58.854389187	58.854389187	20991.254	20991.254	21000.000	21000.000	-65.92	0.0000	0.000	21000.000	58.8533	FF				
55	Spectrogram 1	1	59.431167218	59.683397366	6927.114	20991.254	20343.750	13593.750	-81.54	0.2522	14064.140	20343.750	59.6320		SA	A	0	SB
56	Spectrogram 1	1	59.441750301	59.441750301	7276.968	7276.968	7312.500	7312.500	-73.59	0.0000	0.000	7312.500	59.4400	FI				
57	Spectrogram 1	1	59.674578131	59.674578131	20571.429	20571.429	20531.250	20531.250	-67.94	0.0000	0.000	20531.250	59.6747	FF				
58	Spectrogram 1	1	60.363185802	60.673622907	6787.172	21411.079	17718.750	16312.500	-77.65	0.3104	14623.907	17718.750	60.6293		NA	A	0	SB
59	Spectrogram 1	1	60.375532732	60.375532732	7206.997	7206.997	7218.750	7218.750	-71.65	0.0000	0.000	7218.750	60.3733	FI				
60	Spectrogram 1	1	60.664803671	60.664803671	21201.166	21201.166	21187.500	21187.500	-67.89	0.0000	0.000	21187.500	60.6667	FF				
61	Spectrogram 1	1	60.513112813	60.737121406	10775.510	23650.146	17718.750	17156.250	-76.22	0.2240	12874.636	17718.750	60.6293		SA	A	0	SB
62	Spectrogram 1	1	60.520168202	60.520168202	11195.335	11195.335	11156.250	11156.250	-78.98	0.0000	0.000	11156.250	60.5227	FI				
63	Spectrogram 1	1	60.731829865	60.731829865	22950.437	22950.437	22968.750	22968.750	-80.72	0.0000	0.000	22968.750	60.7307	FF				
64	Spectrogram 1	1	60.890576112	61.014045415	19451.895	35965.015	24750.000	24656.250	-88.43	0.1235	16513.120	24750.000	60.9387		SA	A	0	SB
65	Spectrogram 1	1	60.897631501	60.897631501	20081.633	20081.633	20062.500	20062.500	-81.29	0.0000	0.000	20062.500	60.8960	FI				
66	Spectrogram 1	1	61.012281568	61.012281568	35615.160	35615.160	35625.000	35625.000	-95.89	0.0000	0.000	35625.000	61.0133	FF				
67	Spectrogram 1	1	60.909978431	61.061669289	11055.394	24000.000	17718.750	16500.000	-78.77	0.1517	12944.606	17718.750	61.0080		SA	A	0	SB
68	Spectrogram 1	1	60.917033820	60.917033820	11195.335	11195.335	11156.250	11156.250	-79.87	0.0000	0.000	11156.250	60.9173	FI				
69	Spectrogram 1	1	61.056377748	61.056377748	23440.233	23440.233	23437.500	23437.500	-78.56	0.0000	0.000	23437.500	61.0560	FF				
70	Spectrogram 1	1	61.812140258	62.254865903	7276.968	24209.913	20531.250	15937.500	-86.20	0.4427	16932.945	20531.250	62.0960		SA	A	0	SB
71	Spectrogram 1	1	61.828014883	61.828014883	7626.822	7626.822	7593.750	7593.750	-91.34	0.0000	0.000	7593.750	61.8293	FI				
72	Spectrogram 1	1	62.247810514	62.247810514	23790.087	23790.087	23812.500	23812.500	-79.80	0.0000	0.000	23812.500	62.2453	FF				
73	Spectrogram 1	1	63.319815970	63.700806963	10355.685	27568.513	17062.500	16687.500	-82.61	0.3810	17212.828	17062.500	63.4560		SA	A	0	SB
74	Spectrogram 1	1	63.337454442	63.337454442	10775.510	10775.510	10781.250	10781.250	-72.60	0.0000	0.000	10781.250	63.3387	FI				
75	Spectrogram 1	1	63.691987727	63.691987727	27148.688	27148.688	27187.500	27187.500	-79.38	0.0000	0.000	27187.500	63.6907	FF				
76	Spectrogram 1	1	64.485718963	64.773226055	5667.638	21970.845	21187.500	13593.750	-82.67	0.2875	16303.207	21187.500	64.7413		SA	A	0	SB
77	Spectrogram 1	1	64.494538199	64.494538199	6297.376	6297.376	6281.250	6281.250	-79.72	0.0000	0.000	6281.250	64.4960	FI				
78	Spectrogram 1	1	64.755587583	64.755587583	21620.991	21620.991	21656.250	21656.250	-72.77	0.0000	0.000	21656.250	64.7573	FF				
79	Spectrogram 1	1	65.452307223	65.856228230	10985.423	27638.484	12093.750	15281.250	-85.38	0.4039	16653.061	12093.750	65.5040		SA	A	0	SB
80	Spectrogram 1	1	65.466418000	65.466418000	11265.306	11265.306	11250.000	11250.000	-72.16	0.0000	0.000	11250.000	65.4667	FI				
81	Spectrogram 1	1	65.843881299	65.843881299	27358.601	27358.601	27375.000	27375.000	-82.40	0.0000	0.000	27375.000	65.8453	FF				
82	Spectrogram 1	1	78.745319876	78.979911553	7626.822	21201.166	14343.750	13593.750	-81.82	0.2346	13574.344	14343.750	78.8587		SA	A	0	SB
83	Spectrogram 1	1	78.757666807	78.757666807	8186.589	8186.589	8156.250	8156.250	-73.39	0.0000	0.000	8156.250	78.7573	FI				
84	Spectrogram 1	1	78.969328469	78.969328469	20781.341	20781.341	20812.500	20812.500	-90.88	0.0000	0.000	20812.500	78.9707	FF				
85	Spectrogram 1	1	81.530149600	81.789435137	5947.522	21481.050	15468.750	11906.250	-82.77	0.2593	15533.528	15468.750	81.6693		SA	A	0	SB
86	Spectrogram 1	1	81.537204988	81.537204988	6507.289	6507.289	6468.750	6468.750	-80.19	0.0000	0.000	6468.750	81.5360	FI				
87	Spectrogram 1	1	81.784143595	81.784143595	21341.108	21341.108	21375.000	21375.000	-81.42	0.0000	0.000	21375.000	81.7867	FF				
88	Spectrogram 1	1	85.745576790	86.068360826	5947.522	21620.991	15093.750	14156.250	-82.77	0.3228	15673.469	15093.750	85.9040		SA	A	0	SB
89	Spectrogram 1	1	85.757923721	85.757923721	6437.318	6437.318	6468.750	6468.750	-80.65	0.0000	0.000	6468.750	85.7600	FI				
90	Spectrogram 1	1	86.057777743	86.057777743	20991.254	20991.254	21000.000	21000.000	-71.88	0.0000	0.000	21000.000	86.0587	FF				
91	Spectrogram 1	1	85.655620584	85.932544592	8186.589	19032.070	15000.000	14250.000	-80.63	0.2769	10845.481	15000.000	85.6747		NA	A	0	SB
92	Spectrogram 1	1	85.667967514	85.667967514	8326.531	8326.531	8343.750	8343.750	-76.55	0.0000	0.000	8343.750	85.6693	FI				
93	Spectrogram 1	1	85.913142273	85.913142273	18542.274	18542.274	18562.500	18562.500	-76.25	0.0000	0.000	18562.500	85.9147	FF				
94	Spectrogram 1	1	106.433567958	106.724602744	6577.259	13854.227	7406.250	9093.750	-78.31	0.2910	7276.968	7406.250	106.5013		SA	A	0	SB
95	Spectrogram 1	1	106.442387194	106.442387194	6787.172	6787.172	6750.000	6750.000	-83.60	0.0000	0.000	6750.000	106.4427	FI				
96	Spectrogram 1	1	106.717547356	106.717547356	13574.344	13574.344	13593.750	13593.750	-94.12	0.0000	0.000	13593.750	106.7200	FF				
97	Spectrogram 1	1	114.404648094	114.872067599	11335.277	19941.691	12656.250	15187.500	-79.32	0.4674	8606.414	12656.250	114.4640		SA	A	0	SB
98	Spectrogram 1	1	114.411703483	114.411703483	11405.248	11405.248	11437.500	11437.500	-72.85	0.0000	0.000	11437.500	114.4107	FI				
99	Spectrogram 1	1	114.870303752	114.870303752	19661.808	19661.808	19687.500	19687.500	-78.74	0.0000	0.000	19687.500	114.8693	FF				
100	Spectrogram 1	1	115.198379329	115.471775644	6997.085	20921.283	19312.500	14625.000	-81.37	0.2734	13924.198	19312.500	115.3920		SA	A	0	SB
101	Spectrogram 1	1	115.208962413	115.208962413	7416.910	7416.910	7406.250	7406.250	-74.21	0.0000	0.000	7406.250	115.2107	FI				
102	Spectrogram 1	1	115.459428714	115.459428714	20501.458	20501.458	20531.250	20531.250	-81.35	0.0000	0.000	20531.250	115.4613	FF				
103	Spectrogram 1	1	117.232271375	117.583276966	5247.813	17912.536	14343.750	12000.000	-83.72	0.3510	12664.723	14343.750	117.4400		SA	A	0	SB
104	Spectrogram 1	1	117.241090611	117.241090611	5597.668	5597.668	5625.000	5625.000	-76.15	0.0000	0.000	5625.000	117.2427	FI				
105	Spectrogram 1	1	117.577985425	117.577985425	17702.624	17702.624	17718.750	17718.750	-80.21	0.0000	0.000	17718.750	117.5787	FF				
106	Spectrogram 1	1	133.161956071	133.433588538	7276.968	21341.108	15656.250	14062.500	-83.18	0.2716	14064.140	15656.250	133.2747		SA	A	0	SB
107	Spectrogram 1	1	133.170775307	133.170775307	7976.676	7976.676	7968.750	7968.750	-81.37	0.0000	0.000	7968.750	133.1733	FI	FI			
108	Spectrogram 1	1	133.424769303	133.424769303	21201.166	21201.166	21187.500	21187.500	-85.51	0.0000	0.000	21187.500	133.4240	FF				
109	Spectrogram 1	1	134.008602722	134.232611316	3918.367	18052.478	14718.750	12281.250	-81.24	0.2240	14134.111	14718.750	134.1760		SA	A	0	SB
110	Spectrogram 1	1	134.017421958	134.017421958	4688.047	4688.047	4687.500	4687.500	-80.50	0.0000	0.000	4687.500	134.0160	FI				
111	Spectrogram 1	1	134.230847468	134.230847468	17912.536	17912.536	17906.250	17906.250	-75.79	0.0000	0.000	17906.250	134.2293	FF				
112	Spectrogram 1	1	135.596831301	135.868463768	7906.706	20921.283	10593.750	13593.750	-84.01	0.2716	13014.577	10593.750	135.6427		SA	A	0	SB
113	Spectrogram 1	1	135.602122842	135.602122842	8606.414	8606.414	8625.000	8625.000	-87.72	0.0000	0.000	8625.000	135.6000	FI				
114	Spectrogram 1	1	135.856116838	135.856116838	20641.399	20641.399	20625.000	20625.000	-75.80	0.0000	0.000	20625.000	135.8560	FF				
115	Spectrogram 1	1	136.719951701	137.042735737	6927.114	15953.353	12562.500	11343.750	-83.15	0.3228	9026.239	12562.500	136.9760		SA	A	0	SB
116	Spectrogram 1	1	136.737590173	136.737590173	7137.026	7137.026	7125.000	7125.000	-78.53	0.0000	0.000	7125.000	136.7360	FI				
117	Spectrogram 1	1	137.035680348	137.035680348	15533.528	15533.528	15562.500	15562.500	-79.42	0.0000	0.000	15562.500	137.0347	FF				
118	Spectrogram 1	1	140.399024251	140.600102831	8466.472	16862.974	14718.750	13687.500	-76.52	0.2011	8396.502	14718.750	140.5173		SA	A	0	SB
119	Spectrogram 1	1	140.411371182	140.411371182	8746.356	8746.356	8718.750	8718.750	-72.11	0.0000	0.000	8718.750	140.4107	FI				
120	Spectrogram 1	1	140.593047442	140.593047442	16583.090	16583.090	16593.750	16593.750	-65.14	0.0000	0.000	16593.750	140.5920	FF				
121	Spectrogram 1	1	140.055074049	140.303776503	12034.985	18122.449	16875.000	16593.750	-77.06	0.2487	6087.464	16875.000	140.2133		SA	A	0	SB
122	Spectrogram 1	1	140.063893285	140.063893285	12454.810	12454.810	12468.750	12468.750	-76.36	0.0000	0.000	12468.750	140.0640	FI				
123	Spectrogram 1	1	140.298484962	140.298484962	17842.566	17842.566	17812.500	17812.500	-85.79	0.0000	0.000	17812.500	140.2987	FF				
124	Spectrogram 1	1	140.661837483	140.864679910	11055.394	22880.466	18468.750	17156.250	-78.40	0.2028	11825.072	18468.750	140.7733		SA	A	0	SB
125	Spectrogram 1	1	140.668892871	140.668892871	11545.190	11545.190	11531.250	11531.250	-74.10	0.0000	0.000	11531.250	140.6667	FI				
126	Spectrogram 1	1	140.859388368	140.859388368	22600.583	22600.583	22593.750	22593.750	-83.71	0.0000	0.000	22593.750	140.8587	FF				
127	Spectrogram 1	1	140.820583730	141.039300781	12314.869	17982.507	16218.750	15843.750	-78.69	0.2187	5667.638	16218.750	140.9120		SA	A	0	SB
128	Spectrogram 1	1	140.832930660	140.832930660	12454.810	12454.810	12468.750	12468.750	-64.95	0.0000	0.000	12468.750	140.8320	FI				
129	Spectrogram 1	1	141.032245393	141.032245393	17702.624	17702.624	17718.750	17718.750	-74.99	0.0000	0.000	17718.750	141.0347	FF				
130	Spectrogram 1	1	141.946298407	142.230277805	10005.831	19241.983	13687.500	13968.750	-78.23	0.2840	9236.152	13687.500	142.0267		SA	A	0	SB
131	Spectrogram 1	1	141.956881490	141.956881490	10565.598	10565.598	10593.750	10593.750	-74.90	0.0000	0.000	10593.750	141.9573	FI				
132	Spectrogram 1	1	142.219694722	142.219694722	18892.128	18892.128	18937.500	18937.500	-67.25	0.0000	0.000	18937.500	142.2187	FF				
133	Spectrogram 1	1	142.307887081	142.448994857	8186.589	19801.749	15562.500	14812.500	-80.05	0.1411	11615.160	15562.500	142.3893		SA	A	0	SB
134	Spectrogram 1	1	142.316706317	142.316706317	8466.472	8466.472	8437.500	8437.500	-69.38	0.0000	0.000	8437.500	142.3147	FI				
135	Spectrogram 1	1	142.445467162	142.445467162	19311.953	19311.953	19312.500	19312.500	-81.42	0.0000	0.000	19312.500	142.4480	FF				
136	Spectrogram 1	1	158.594394458	159.008898548	9446.064	17632.653	10125.000	11906.250	-83.80	0.4145	8186.589	10125.000	158.6400		SA	A	0	SB
137	Spectrogram 1	1	158.604977541	158.604977541	9795.918	9795.918	9750.000	9750.000	-82.04	0.0000	0.000	9750.000	158.6027	FI				
138	Spectrogram 1	1	159.003607006	159.003607006	16932.945	16932.945	16968.750	16968.750	-78.87	0.0000	0.000	16968.750	159.0027	FF				
139	Spectrogram 1	1	159.072397047	159.254073307	8676.385	17632.653	15656.250	14156.250	-83.27	0.1817	8956.268	15656.250	159.1840		SA	A	0	SB
140	Spectrogram 1	1	159.082980130	159.082980130	9236.152	9236.152	9281.250	9281.250	-77.11	0.0000	0.000	9281.250	159.0827	FI				
141	Spectrogram 1	1	159.236434835	159.236434835	17352.770	17352.770	17343.750	17343.750	-75.61	0.0000	0.000	17343.750	159.2373	FF				
142	Spectrogram 1	1	160.261803191	160.542254895	9446.064	14413.994	11062.500	11437.500	-81.02	0.2805	4967.930	11062.500	160.3733		SA	A	0	SB
143	Spectrogram 1	1	160.275913969	160.275913969	9586.006	9586.006	9562.500	9562.500	-75.89	0.0000	0.000	9562.500	160.2773	FI				
144	Spectrogram 1	1	160.535199506	160.535199506	14204.082	14204.082	14250.000	14250.000	-75.84	0.0000	0.000	14250.000	160.5333	FF				
145	Spectrogram 1	1	194.207848053	194.456550507	9236.152	15533.528	10312.500	10875.000	-81.61	0.2487	6297.376	10312.500	194.2827		SA	A	0	SB
146	Spectrogram 1	1	194.216667289	194.216667289	9376.093	9376.093	9375.000	9375.000	-97.13	0.0000	0.000	9375.000	194.2187	FI				
147	Spectrogram 1	1	194.447731271	194.447731271	15043.732	15043.732	15000.000	15000.000	-80.13	0.0000	0.000	15000.000	194.4480	FF				
148	Spectrogram 1	1	200.404450326	200.803079791	14693.878	20851.312	15187.500	16781.250	-84.36	0.3986	6157.434	15187.500	200.5973		NA	A	0	SB
149	Spectrogram 1	1	200.409741867	200.409741867	15113.703	15113.703	15093.750	15093.750	-75.95	0.0000	0.000	15093.750	200.4107	FI				
150	Spectrogram 1	1	200.799552096	200.799552096	20221.574	20221.574	20250.000	20250.000	-79.14	0.0000	0.000	20250.000	200.8000	FF				
151	Spectrogram 1	1	203.660160185	203.864766459	5457.726	18122.449	11343.750	11437.500	-81.76	0.2046	12664.723	11343.750	203.7653		SA	A	0	SB
152	Spectrogram 1	1	203.676034809	203.676034809	5807.580	5807.580	5812.500	5812.500	-70.50	0.0000	0.000	5812.500	203.6747	FI				
153	Spectrogram 1	1	203.854183376	203.854183376	17912.536	17912.536	17906.250	17906.250	-75.21	0.0000	0.000	17906.250	203.8560	FF				
154	Spectrogram 1	1	204.435528948	204.689522944	5247.813	19032.070	14343.750	13125.000	-82.48	0.2540	13784.257	14343.750	204.6080		SA	A	0	SB
155	Spectrogram 1	1	204.453167420	204.453167420	5387.755	5387.755	5343.750	5343.750	-80.37	0.0000	0.000	5343.750	204.4533	FI				
156	Spectrogram 1	1	204.682467555	204.682467555	18682.216	18682.216	18656.250	18656.250	-85.69	0.0000	0.000	18656.250	204.6827	FF				
157	Spectrogram 1	1	226.721677583	227.009184675	8186.589	20151.603	15000.000	14906.250	-78.85	0.2875	11965.014	15000.000	226.8693		SA	A	0	SB
158	Spectrogram 1	1	226.732260666	226.732260666	8816.327	8816.327	8812.500	8812.500	-76.05	0.0000	0.000	8812.500	226.7307	FI				
159	Spectrogram 1	1	227.003893134	227.003893134	20081.633	20081.633	20062.500	20062.500	-78.51	0.0000	0.000	20062.500	227.0027	FF				
160	Spectrogram 1	1	229.585489010	229.931203060	12384.840	17982.507	15656.250	15468.750	-77.70	0.3457	5597.667	15656.250	229.9093		NA	A	0	SB
161	Spectrogram 1	1	229.592544399	229.592544399	12874.636	12874.636	12843.750	12843.750	-80.03	0.0000	0.000	12843.750	229.5947	FI				
162	Spectrogram 1	1	229.922383824	229.922383824	18052.478	18052.478	18093.750	18093.750	-89.67	0.0000	0.000	18093.750	229.9200	FF				
163	Spectrogram 1	1	230.510516528	230.856230577	7906.706	16303.207	9843.750	10875.000	-83.73	0.3457	8396.501	9843.750	230.7520		SA	A	0	SB
164	Spectrogram 1	1	230.517571917	230.517571917	8466.472	8466.472	8437.500	8437.500	-86.67	0.0000	0.000	8437.500	230.5173	FI				
165	Spectrogram 1	1	230.849175189	230.849175189	15953.353	15953.353	15937.500	15937.500	-81.83	0.0000	0.000	15937.500	230.8480	FF				
166	Spectrogram 1	1	230.872105202	231.186070002	8676.385	22250.729	10875.000	13312.500	-83.62	0.3140	13574.344	10875.000	230.9280		SA	A	0	SB
167	Spectrogram 1	1	230.882688285	230.882688285	8956.268	8956.268	9000.000	9000.000	-78.73	0.0000	0.000	9000.000	230.8853	FI				
168	Spectrogram 1	1	231.171959224	231.171959224	21900.875	21900.875	21937.500	21937.500	-72.04	0.0000	0.000	21937.500	231.1733	FF				
169	Spectrogram 1	1	231.249568501	231.508854038	12174.927	18752.187	12562.500	15093.750	-81.85	0.2593	6577.260	12562.500	231.2747		SA	A	0	SB
170	Spectrogram 1	1	231.258387737	231.258387737	12244.898	12244.898	12281.250	12281.250	-66.38	0.0000	0.000	12281.250	231.2587	FI				
171	Spectrogram 1	1	231.498270955	231.498270955	18262.391	18262.391	18281.250	18281.250	-78.72	0.0000	0.000	18281.250	231.4987	FF				
172	Spectrogram 1	1	237.963883719	238.339583170	8956.268	13574.344	13125.000	11343.750	-81.85	0.3757	4618.076	13125.000	238.1440		NA	A	0	SB
173	Spectrogram 1	1	237.974466802	237.974466802	9096.210	9096.210	9093.750	9093.750	-91.13	0.0000	0.000	9093.750	237.9733	FI				
174	Spectrogram 1	1	238.327236240	238.327236240	13014.577	13014.577	13031.250	13031.250	-78.75	0.0000	0.000	13031.250	238.3253	FF				
175	Spectrogram 1	1	275.839515209	276.266366229	7416.910	22110.787	17718.750	14625.000	-77.34	0.4269	14693.877	17718.750	276.0853		SA	A	0	SB
176	Spectrogram 1	1	275.853625986	275.853625986	7976.676	7976.676	7968.750	7968.750	-77.05	0.0000	0.000	7968.750	275.8560	FI				
177	Spectrogram 1	1	276.254019298	276.254019298	21551.020	21551.020	21562.500	21562.500	-79.68	0.0000	0.000	21562.500	276.2560	FF				
178	Spectrogram 1	1	276.438547127	276.662555721	8396.501	24419.825	19781.250	17625.000	-79.02	0.2240	16023.324	19781.250	276.6240		SA	A	0	SB
179	Spectrogram 1	1	276.449130211	276.449130211	8816.327	8816.327	8812.500	8812.500	-71.45	0.0000	0.000	8812.500	276.4480	FI				
180	Spectrogram 1	1	276.651972637	276.651972637	24139.942	24139.942	24093.750	24093.750	-75.83	0.0000	0.000	24093.750	276.6507	FF				
181	Spectrogram 1	1	307.811315361	308.209944826	11545.190	19661.808	16968.750	16687.500	-78.73	0.3986	8116.618	16968.750	307.9947		SA	A	0	SB
182	Spectrogram 1	1	307.827189986	307.827189986	11685.131	11685.131	11718.750	11718.750	-76.21	0.0000	0.000	11718.750	307.8293	FI				
183	Spectrogram 1	1	308.201125590	308.201125590	19311.953	19311.953	19312.500	19312.500	-83.48	0.0000	0.000	19312.500	308.2027	FF				
184	Spectrogram 1	1	308.303428727	308.677364332	10985.423	18472.303	15937.500	15750.000	-81.31	0.3739	7486.880	15937.500	308.4800		SA	A	0	SB
185	Spectrogram 1	1	308.314011811	308.314011811	11405.248	11405.248	11437.500	11437.500	-76.92	0.0000	0.000	11437.500	308.3147	FI				
186	Spectrogram 1	1	308.668545096	308.668545096	17982.507	17982.507	18000.000	18000.000	-78.87	0.0000	0.000	18000.000	308.6667	FF				
187	Spectrogram 1	1	308.666781249	309.123617671	6717.201	22810.496	18281.250	16875.000	-81.42	0.4568	16093.295	18281.250	308.9120		SA	A	0	SB
188	Spectrogram 1	1	308.686183568	308.686183568	7276.968	7276.968	7312.500	7312.500	-80.40	0.0000	0.000	7312.500	308.6880	FI				
189	Spectrogram 1	1	309.118326129	309.118326129	22600.583	22600.583	22593.750	22593.750	-85.13	0.0000	0.000	22593.750	309.1200	FF				
190	Spectrogram 1	1	309.194873343	309.399479617	6437.318	20571.429	8625.000	13125.000	-80.35	0.2046	14134.111	8625.000	309.2320		SA	A	0	SB
191	Spectrogram 1	1	309.203692579	309.203692579	6787.172	6787.172	6750.000	6750.000	-73.36	0.0000	0.000	6750.000	309.2053	FI				
192	Spectrogram 1	1	309.387132686	309.387132686	20151.603	20151.603	20156.250	20156.250	-78.35	0.0000	0.000	20156.250	309.3867	FF				
193	Spectrogram 1	1	309.602322044	309.865135275	9166.181	17912.536	13968.750	12187.500	-76.06	0.2628	8746.355	13968.750	309.7440		SA	A	0	SB
194	Spectrogram 1	1	309.609377432	309.609377432	9306.122	9306.122	9281.250	9281.250	-76.52	0.0000	0.000	9281.250	309.6107	FI				
195	Spectrogram 1	1	309.854552192	309.854552192	17492.711	17492.711	17531.250	17531.250	-69.60	0.0000	0.000	17531.250	309.8560	FF				
196	Spectrogram 1	1	311.604464840	311.828473433	8116.618	16793.003	11437.500	12187.500	-79.70	0.2240	8676.385	11437.500	311.6960		SA	A	0	SB
197	Spectrogram 1	1	311.615047923	311.615047923	8396.501	8396.501	8437.500	8437.500	-77.49	0.0000	0.000	8437.500	311.6160	FI				
198	Spectrogram 1	1	311.821418045	311.821418045	16373.178	16373.178	16406.250	16406.250	-81.76	0.0000	0.000	16406.250	311.8240	FF				
199	Spectrogram 1	1	312.203711659	312.492982599	8326.531	17422.741	12000.000	12562.500	-82.42	0.2893	9096.210	12000.000	312.3360		SA	A	0	SB
200	Spectrogram 1	1	312.214294742	312.214294742	8746.356	8746.356	8718.750	8718.750	-79.00	0.0000	0.000	8718.750	312.2133	FI				
201	Spectrogram 1	1	312.487691057	312.487691057	17002.915	17002.915	16968.750	16968.750	-66.44	0.0000	0.000	16968.750	312.4853	FF				
202	Spectrogram 1	1	312.700398050	312.943808962	8116.618	16793.003	9093.750	11437.500	-81.39	0.2434	8676.385	9093.750	312.7307		SA	A	0	SB
203	Spectrogram 1	1	312.710981133	312.710981133	8746.356	8746.356	8718.750	8718.750	-71.55	0.0000	0.000	8718.750	312.7093	FI				
204	Spectrogram 1	1	312.938517421	312.938517421	16583.090	16583.090	16593.750	16593.750	-72.09	0.0000	0.000	16593.750	312.9387	FF				
205	Spectrogram 1	1	325.931354721	326.315873409	8956.268	19172.012	12843.750	13687.500	-79.81	0.3845	10215.744	12843.750	326.1280		SA	A	0	SB
206	Spectrogram 1	1	325.943701652	325.943701652	9306.122	9306.122	9281.250	9281.250	-93.57	0.0000	0.000	9281.250	325.9413	FI				
207	Spectrogram 1	1	326.301762631	326.301762631	18682.216	18682.216	18656.250	18656.250	-69.04	0.0000	0.000	18656.250	326.3040	FF				
208	Spectrogram 1	1	330.783010682	331.040532372	6437.318	15463.557	15093.750	14343.750	-80.19	0.2575	9026.239	15093.750	331.0187		SA	A	0	SB
209	Spectrogram 1	1	330.788302224	330.788302224	6857.143	6857.143	6843.750	6843.750	-85.50	0.0000	0.000	6843.750	330.7893	FI				
210	Spectrogram 1	1	331.026421594	331.026421594	15113.703	15113.703	15093.750	15093.750	-59.68	0.0000	0.000	15093.750	331.0240	FF				
211	Spectrogram 1	1	332.978972735	333.273535216	7836.735	17492.711	15750.000	15656.250	-78.54	0.2946	9655.976	15750.000	333.1680		SA	A	0	SB
212	Spectrogram 1	1	332.982500430	332.982500430	8326.531	8326.531	8343.750	8343.750	-91.88	0.0000	0.000	8343.750	332.9813	FI				
213	Spectrogram 1	1	333.252369050	333.252369050	17072.886	17072.886	17062.500	17062.500	-77.14	0.0000	0.000	17062.500	333.2533	FF				
214	Spectrogram 1	1	333.405555498	333.557246356	10005.831	16093.294	10500.000	13031.250	-77.07	0.1517	6087.463	10500.000	333.4347		SA	A	0	SB
215	Spectrogram 1	1	333.417902428	333.417902428	10215.743	10215.743	10218.750	10218.750	-61.96	0.0000	0.000	10218.750	333.4187	FI				
216	Spectrogram 1	1	333.550190968	333.550190968	15673.469	15673.469	15656.250	15656.250	-65.86	0.0000	0.000	15656.250	333.5520	FF				
217	Spectrogram 1	1	337.594991689	337.808417199	11055.394	15253.644	14156.250	14062.500	-77.16	0.2134	4198.250	14156.250	337.7280		SA	A	0	SB
218	Spectrogram 1	1	337.596755537	337.596755537	11475.219	11475.219	11437.500	11437.500	-84.61	0.0000	0.000	11437.500	337.5947	FI				
219	Spectrogram 1	1	337.801361811	337.801361811	14973.761	14973.761	15000.000	15000.000	-69.44	0.0000	0.000	15000.000	337.8027	FF				
220	Spectrogram 1	1	345.203167305	345.467744384	8606.414	14833.819	13406.250	13031.250	-80.65	0.2646	6227.405	13406.250	345.3387		SA	A	0	SB
221	Spectrogram 1	1	345.210222694	345.210222694	9306.122	9306.122	9281.250	9281.250	-81.75	0.0000	0.000	9281.250	345.2107	FI				
222	Spectrogram 1	1	345.458925148	345.458925148	14623.907	14623.907	14625.000	14625.000	-75.68	0.0000	0.000	14625.000	345.4613	FF				
223	Spectrogram 1	1	347.284687338	347.656859095	10145.773	18052.478	13031.250	12937.500	-77.71	0.3722	7906.705	13031.250	347.4773		SA	A	0	SB
224	Spectrogram 1	1	347.293506574	347.293506574	10845.481	10845.481	10875.000	10875.000	-80.04	0.0000	0.000	10875.000	347.2960	FI				
225	Spectrogram 1	1	347.649803706	347.649803706	17772.595	17772.595	17812.500	17812.500	-74.09	0.0000	0.000	17812.500	347.6480	FF				
226	Spectrogram 1	1	351.477511612	351.867321841	12174.927	18962.099	14437.500	14625.000	-81.70	0.3898	6787.172	14437.500	351.6747		SA	A	0	SB
227	Spectrogram 1	1	351.486330848	351.486330848	12664.723	12664.723	12656.250	12656.250	-71.61	0.0000	0.000	12656.250	351.4880	FI				
228	Spectrogram 1	1	351.856738758	351.856738758	18612.245	18612.245	18656.250	18656.250	-82.11	0.0000	0.000	18656.250	351.8560	FF				
229	Spectrogram 1	1	355.389951247	355.815038420	8256.560	16723.032	15937.500	12937.500	-74.28	0.4251	8466.472	15937.500	355.7387		SA	A	0	SB
230	Spectrogram 1	1	355.407589719	355.407589719	8536.443	8536.443	8531.250	8531.250	-67.34	0.0000	0.000	8531.250	355.4080	FI				
231	Spectrogram 1	1	355.806219184	355.806219184	16303.207	16303.207	16312.500	16312.500	-85.56	0.0000	0.000	16312.500	355.8080	FF				
232	Spectrogram 1	1	364.270911017	364.717164356	6227.405	17772.595	9562.500	11906.250	-83.42	0.4463	11545.190	9562.500	364.4747		SA	A	0	SB
233	Spectrogram 1	1	364.281494100	364.281494100	6507.289	6507.289	6468.750	6468.750	-87.29	0.0000	0.000	6468.750	364.2827	FI				
234	Spectrogram 1	1	364.706581273	364.706581273	17492.711	17492.711	17531.250	17531.250	-79.14	0.0000	0.000	17531.250	364.7040	FF				
235	Spectrogram 1	1	368.971262057	369.357544591	6997.085	15673.469	7593.750	14531.250	-78.98	0.3863	8676.384	7593.750	369.3547		NA	A	0	SB
236	Spectrogram 1	1	368.981845140	368.981845140	7486.880	7486.880	7500.000	7500.000	-92.18	0.0000	0.000	7500.000	368.9813	FI				
237	Spectrogram 1	1	369.345197661	369.345197661	15043.732	15043.732	15000.000	15000.000	-79.66	0.0000	0.000	15000.000	369.3440	FF				
238	Spectrogram 1	1	370.897492360	371.128556342	7416.910	18052.478	12750.000	12937.500	-83.03	0.2311	10635.568	12750.000	370.9653		SA	A	0	SB
239	Spectrogram 1	1	370.911603137	370.911603137	8326.531	8326.531	8343.750	8343.750	-89.05	0.0000	0.000	8343.750	370.9120	FI				
240	Spectrogram 1	1	371.119737106	371.119737106	17702.624	17702.624	17718.750	17718.750	-84.41	0.0000	0.000	17718.750	371.1200	FF				
241	Spectrogram 1	1	448.620118929	449.078719198	6857.143	19172.012	13968.750	12562.500	-83.49	0.4586	12314.869	13968.750	448.8800		SA	A	0	SB
242	Spectrogram 1	1	448.627174317	448.627174317	7206.997	7206.997	7218.750	7218.750	-77.23	0.0000	0.000	7218.750	448.6293	FI				
243	Spectrogram 1	1	449.069899962	449.069899962	18892.128	18892.128	18937.500	18937.500	-85.04	0.0000	0.000	18937.500	449.0720	FF				
244	Spectrogram 1	1	457.948631918	458.257305176	7976.676	13924.198	12187.500	12093.750	-81.23	0.3087	5947.522	12187.500	458.1600		SA	A	0	SB
245	Spectrogram 1	1	457.955687307	457.955687307	8816.327	8816.327	8812.500	8812.500	-83.87	0.0000	0.000	8812.500	457.9573	FI				
246	Spectrogram 1	1	458.252013635	458.252013635	13504.373	13504.373	13500.000	13500.000	-74.23	0.0000	0.000	13500.000	458.2507	FF				
247	Spectrogram 1	1	498.366984841	498.725045820	7137.026	20361.516	13125.000	12937.500	-74.98	0.3581	13224.490	13125.000	498.5387		SA	A	0	SB
248	Spectrogram 1	1	498.377567924	498.377567924	7626.822	7626.822	7593.750	7593.750	-68.74	0.0000	0.000	7593.750	498.3787	FI				
249	Spectrogram 1	1	498.719754279	498.719754279	20221.574	20221.574	20250.000	20250.000	-87.40	0.0000	0.000	20250.000	498.7200	FF				
250	Spectrogram 1	1	528.479295290	528.911437851	12314.869	18962.099	14718.750	15375.000	-83.42	0.4321	6647.230	14718.750	528.5707		SA	A	0	SB
251	Spectrogram 1	1	528.493406067	528.493406067	12594.752	12594.752	12562.500	12562.500	-78.93	0.0000	0.000	12562.500	528.4960	FI				
252	Spectrogram 1	1	528.902618615	528.902618615	18752.187	18752.187	18750.000	18750.000	-77.77	0.0000	0.000	18750.000	528.9013	FF				
253	Spectrogram 1	1	539.114027983	539.454450490	11335.277	17842.566	13031.250	13031.250	-80.03	0.3404	6507.289	13031.250	539.3707		SA	A	0	SB
254	Spectrogram 1	1	539.119319524	539.119319524	11895.044	11895.044	11906.250	11906.250	-76.75	0.0000	0.000	11906.250	539.1200	FI				
255	Spectrogram 1	1	539.450922796	539.450922796	17422.741	17422.741	17437.500	17437.500	-76.10	0.0000	0.000	17437.500	539.4507	FF				
256	Spectrogram 1	1	539.990660036	540.253473268	6157.434	11825.073	8718.750	8812.500	-82.23	0.2628	5667.639	8718.750	540.1653		SA	A	0	SB
257	Spectrogram 1	1	540.003006967	540.003006967	6437.318	6437.318	6468.750	6468.750	-77.45	0.0000	0.000	6468.750	540.0053	FI				
258	Spectrogram 1	1	540.249945573	540.249945573	11615.160	11615.160	11625.000	11625.000	-68.03	0.0000	0.000	11625.000	540.2507	FF				
259	Spectrogram 1	1	570.688126605	571.190823054	6507.289	18402.332	10781.250	11156.250	-82.07	0.5027	11895.043	10781.250	570.9120		SA	A	0	SB
260	Spectrogram 1	1	570.705765077	570.705765077	6787.172	6787.172	6750.000	6750.000	-71.89	0.0000	0.000	6750.000	570.7040	FI				
261	Spectrogram 1	1	571.178476124	571.178476124	18122.449	18122.449	18093.750	18093.750	-82.08	0.0000	0.000	18093.750	571.1787	FF				
262	Spectrogram 1	1	577.674272741	578.095832220	6367.347	19102.041	12281.250	11531.250	-84.17	0.4216	12734.694	12281.250	577.9147		SA	A	0	SB
263	Spectrogram 1	1	577.681328130	577.681328130	6857.143	6857.143	6843.750	6843.750	-86.96	0.0000	0.000	6843.750	577.6800	FI				
264	Spectrogram 1	1	578.092304525	578.092304525	18752.187	18752.187	18750.000	18750.000	-78.16	0.0000	0.000	18750.000	578.0907	FF				
265	Spectrogram 1	1	517.235126856	517.547327808	9166.181	17422.741	13875.000	13781.250	-82.21	0.3122	8256.560	13875.000	517.4240		SA	A	0	SB
266	Spectrogram 1	1	517.245709939	517.245709939	9516.035	9516.035	9562.500	9562.500	-78.34	0.0000	0.000	9562.500	517.2480	FI				
267	Spectrogram 1	1	517.538508572	517.538508572	16932.945	16932.945	16968.750	16968.750	-81.26	0.0000	0.000	16968.750	517.5360	FF				
268	Spectrogram 1	1	565.187648618	565.455753391	11475.219	20501.458	13500.000	13218.750	-79.72	0.2681	9026.239	13500.000	565.3387		SA	A	0	SB
269	Spectrogram 1	1	565.192940160	565.192940160	11895.044	11895.044	11906.250	11906.250	-69.85	0.0000	0.000	11906.250	565.1947	FI				
270	Spectrogram 1	1	565.453989544	565.453989544	20011.662	20011.662	19968.750	19968.750	-82.33	0.0000	0.000	19968.750	565.4560	FF				
271	Spectrogram 1	1	566.768897096	567.176345797	8046.647	21900.875	10875.000	13875.000	-84.96	0.4074	13854.228	10875.000	566.8107		SA	A	0	SB
272	Spectrogram 1	1	566.784771721	566.784771721	8676.385	8676.385	8718.750	8718.750	-93.03	0.0000	0.000	8718.750	566.7840	FI				
273	Spectrogram 1	1	567.167526561	567.167526561	21551.020	21551.020	21562.500	21562.500	-77.21	0.0000	0.000	21562.500	567.1680	FF				
274	Spectrogram 1	1	605.294256331	605.708760421	7346.939	14204.082	11343.750	11156.250	-82.55	0.4145	6857.143	11343.750	605.5520		SA	A	0	SB
275	Spectrogram 1	1	605.303075567	605.303075567	7556.851	7556.851	7593.750	7593.750	-79.90	0.0000	0.000	7593.750	605.3013	FI				
276	Spectrogram 1	1	605.691121949	605.691121949	13644.315	13644.315	13687.500	13687.500	-82.90	0.0000	0.000	13687.500	605.6907	FF				
277	Spectrogram 1	1	626.549219520	626.894933569	10495.627	17982.507	16687.500	15562.500	-75.37	0.3457	7486.880	16687.500	626.7627		SA	A	0	SB
278	Spectrogram 1	1	626.563330297	626.563330297	11055.394	11055.394	11062.500	11062.500	-75.70	0.0000	0.000	11062.500	626.5653	FI				
279	Spectrogram 1	1	626.884350486	626.884350486	17772.595	17772.595	17812.500	17812.500	-72.34	0.0000	0.000	17812.500	626.8853	FF				
280	Spectrogram 1	1	637.033829492	637.344266597	9725.948	19241.983	18937.500	15000.000	-83.35	0.3104	9516.035	18937.500	637.3333		SA	A	0	SB
281	Spectrogram 1	1	637.040884881	637.040884881	10495.627	10495.627	10500.000	10500.000	-81.45	0.0000	0.000	10500.000	637.0400	FI				
282	Spectrogram 1	1	637.335447361	637.335447361	18892.128	18892.128	18937.500	18937.500	-62.39	0.0000	0.000	18937.500	637.3333	FF				
283	Spectrogram 1	1	678.239414063	678.608058126	8746.356	18122.449	10875.000	12187.500	-86.06	0.3686	9376.093	10875.000	678.3680		SA	A	0	SB
284	Spectrogram 1	1	678.249997146	678.249997146	9096.210	9096.210	9093.750	9093.750	-77.85	0.0000	0.000	9093.750	678.2507	FI				
285	Spectrogram 1	1	678.601002737	678.601002737	17772.595	17772.595	17812.500	17812.500	-92.20	0.0000	0.000	17812.500	678.6027	FF				
286	Spectrogram 1	1	685.666058030	686.140532924	9446.064	20291.545	14531.250	13968.750	-83.71	0.4745	10845.481	14531.250	685.9520		SA	A	0	SB
287	Spectrogram 1	1	685.674877266	685.674877266	9935.860	9935.860	9937.500	9937.500	-87.93	0.0000	0.000	9937.500	685.6747	FI				
288	Spectrogram 1	1	686.133477535	686.133477535	19941.691	19941.691	19968.750	19968.750	-70.16	0.0000	0.000	19968.750	686.1333	FF				
289	Spectrogram 1	1	687.126523504	687.463418317	8186.589	15463.557	11156.250	11062.500	-84.19	0.3369	7276.968	11156.250	687.3813		SA	A	0	SB
290	Spectrogram 1	1	687.133578892	687.133578892	8606.414	8606.414	8625.000	8625.000	-79.29	0.0000	0.000	8625.000	687.1360	FI				
291	Spectrogram 1	1	687.456362928	687.456362928	14623.907	14623.907	14625.000	14625.000	-78.78	0.0000	0.000	14625.000	687.4560	FF				
292	Spectrogram 1	1	719.491664321	719.862072231	7976.676	15953.353	10312.500	11250.000	-84.55	0.3704	7976.677	10312.500	719.6107		SA	A	0	SB
293	Spectrogram 1	1	719.498719710	719.498719710	8396.501	8396.501	8437.500	8437.500	-82.44	0.0000	0.000	8437.500	719.4987	FI				
294	Spectrogram 1	1	719.849725301	719.849725301	15533.528	15533.528	15562.500	15562.500	-80.02	0.0000	0.000	15562.500	719.8507	FF				
295	Spectrogram 1	1	724.271120227	724.733248191	9376.093	26658.892	26062.500	18843.750	-84.32	0.4621	17282.799	26062.500	724.6827		SA	A	0	SB
296	Spectrogram 1	1	724.281703310	724.281703310	10145.773	10145.773	10125.000	10125.000	-79.07	0.0000	0.000	10125.000	724.2827	FI				
297	Spectrogram 1	1	724.719137413	724.719137413	25329.446	25329.446	25312.500	25312.500	-82.21	0.0000	0.000	25312.500	724.7200	FF				
298	Spectrogram 1	1	730.901301811	731.190572750	8606.414	19731.778	15093.750	15468.750	-76.76	0.2893	11125.364	15093.750	730.9973		SA	A	0	SB
299	Spectrogram 1	1	730.910121047	730.910121047	9236.152	9236.152	9281.250	9281.250	-70.13	0.0000	0.000	9281.250	730.9120	FI				
300	Spectrogram 1	1	731.181753514	731.181753514	19172.012	19172.012	19218.750	19218.750	-91.65	0.0000	0.000	19218.750	731.1840	FF				
301	Spectrogram 1	1	731.280528957	731.476315995	8816.327	19801.749	15843.750	15937.500	-76.23	0.1958	10985.422	15843.750	731.3493		SA	A	0	SB
302	Spectrogram 1	1	731.289348193	731.289348193	9306.122	9306.122	9281.250	9281.250	-74.01	0.0000	0.000	9281.250	731.2907	FI				
303	Spectrogram 1	1	731.474552148	731.474552148	19102.041	19102.041	19125.000	19125.000	-70.41	0.0000	0.000	19125.000	731.4720	FF				
304	Spectrogram 1	1	733.087924563	733.493609416	6787.172	18682.216	12750.000	14062.500	-76.12	0.4057	11895.044	12750.000	733.2693		SA	A	0	SB
305	Spectrogram 1	1	733.094979951	733.094979951	7276.968	7276.968	7312.500	7312.500	-70.51	0.0000	0.000	7312.500	733.0933	FI				
306	Spectrogram 1	1	733.481262486	733.481262486	18332.362	18332.362	18375.000	18375.000	-70.92	0.0000	0.000	18375.000	733.4827	FF				
307	Spectrogram 1	1	734.640110090	735.024628777	8186.589	20501.458	13968.750	13968.750	-83.85	0.3845	12314.869	13968.750	734.8160		SA	A	0	SB
308	Spectrogram 1	1	734.654220867	734.654220867	8746.356	8746.356	8718.750	8718.750	-85.66	0.0000	0.000	8718.750	734.6560	FI				
309	Spectrogram 1	1	735.015809541	735.015809541	20151.603	20151.603	20156.250	20156.250	-85.74	0.0000	0.000	20156.250	735.0133	FF				
310	Spectrogram 1	1	898.934391843	899.230718171	8956.268	21690.962	19218.750	17718.750	-82.14	0.2963	12734.694	19218.750	899.1040		SA	A	0	SB
311	Spectrogram 1	1	898.943211079	898.943211079	9376.093	9376.093	9375.000	9375.000	-73.60	0.0000	0.000	9375.000	898.9440	FI				
312	Spectrogram 1	1	899.216607393	899.216607393	21061.224	21061.224	21093.750	21093.750	-86.79	0.0000	0.000	21093.750	899.2160	FF				
313	Spectrogram 1	1	1134.364485278	1134.754295507	10845.481	27988.338	20812.500	17343.750	-81.65	0.3898	17142.857	20812.500	1134.5600		SA	A	0	SB
314	Spectrogram 1	1	1134.376832208	1134.376832208	10985.423	10985.423	10968.750	10968.750	-79.21	0.0000	0.000	10968.750	1134.3787	FI				
315	Spectrogram 1	1	1134.750767812	1134.750767812	27568.513	27568.513	27562.500	27562.500	-88.33	0.0000	0.000	27562.500	1134.7520	FF				
316	Spectrogram 1	1	1147.771301120	1148.078210531	8956.268	17772.595	11343.750	13312.500	-82.60	0.3069	8816.327	11343.750	1147.8293		SA	A	0	SB
317	Spectrogram 1	1	1147.778356508	1147.778356508	9446.064	9446.064	9468.750	9468.750	-82.88	0.0000	0.000	9468.750	1147.7760	FI				
318	Spectrogram 1	1	1148.067627448	1148.067627448	17352.770	17352.770	17343.750	17343.750	-77.23	0.0000	0.000	17343.750	1148.0693	FF				
319	Spectrogram 1	1	1162.786993494	1163.263232236	11125.364	18892.128	13593.750	14718.750	-79.04	0.4762	7766.764	13593.750	1162.9067		SA	A	0	SB
320	Spectrogram 1	1	1162.797576577	1162.797576577	11405.248	11405.248	11437.500	11437.500	-82.74	0.0000	0.000	11437.500	1162.8000	FI				
321	Spectrogram 1	1	1163.256176847	1163.256176847	18542.274	18542.274	18562.500	18562.500	-86.39	0.0000	0.000	18562.500	1163.2587	FF				
322	Spectrogram 1	1	1184.392959532	1184.819810552	7696.793	20081.633	10593.750	12750.000	-83.69	0.4269	12384.840	10593.750	1184.5333		SA	A	0	SB
323	Spectrogram 1	1	1184.401778768	1184.401778768	8116.618	8116.618	8156.250	8156.250	-72.25	0.0000	0.000	8156.250	1184.4000	FI				
324	Spectrogram 1	1	1184.805699775	1184.805699775	19591.837	19591.837	19593.750	19593.750	-73.33	0.0000	0.000	19593.750	1184.8053	FF				
325	Spectrogram 1	1	1213.634871999	1214.188720016	9026.239	18892.128	10875.000	12562.500	-81.25	0.5538	9865.889	10875.000	1213.7973		SA	A	0	SB
326	Spectrogram 1	1	1213.645455082	1213.645455082	9446.064	9446.064	9468.750	9468.750	-79.85	0.0000	0.000	9468.750	1213.6480	FI				
327	Spectrogram 1	1	1214.186956169	1214.186956169	18402.332	18402.332	18375.000	18375.000	-73.63	0.0000	0.000	18375.000	1214.1867	FF				
328	Spectrogram 1	1	1213.072204745	1213.350892601	8816.327	21061.224	14156.250	13781.250	-84.93	0.2787	12244.897	14156.250	1213.1947		SA	A	0	SB
329	Spectrogram 1	1	1213.082787828	1213.082787828	9236.152	9236.152	9281.250	9281.250	-82.32	0.0000	0.000	9281.250	1213.0827	FI				
330	Spectrogram 1	1	1213.340309518	1213.340309518	20921.283	20921.283	20906.250	20906.250	-72.88	0.0000	0.000	20906.250	1213.3387	FF				
331	Spectrogram 1	1	1216.003836171	1216.353077915	9026.239	15813.411	13031.250	12656.250	-81.60	0.3492	6787.172	13031.250	1216.1653		SA	A	0	SB
332	Spectrogram 1	1	1216.010891560	1216.010891560	9586.006	9586.006	9562.500	9562.500	-81.16	0.0000	0.000	9562.500	1216.0107	FI				
333	Spectrogram 1	1	1216.340730984	1216.340730984	15533.528	15533.528	15562.500	15562.500	-82.50	0.0000	0.000	15562.500	1216.3413	FF				
334	Spectrogram 1	1	1216.954549807	1217.213835344	8396.501	15183.673	10406.250	10968.750	-79.86	0.2593	6787.172	10406.250	1217.0933		SA	A	0	SB
335	Spectrogram 1	1	1216.965132890	1216.965132890	8886.297	8886.297	8906.250	8906.250	-71.29	0.0000	0.000	8906.250	1216.9653	FI				
336	Spectrogram 1	1	1217.208543802	1217.208543802	14763.848	14763.848	14718.750	14718.750	-79.83	0.0000	0.000	14718.750	1217.2107	FF				
337	Spectrogram 1	1	1221.850489433	1222.236771967	8116.618	17562.682	14625.000	13031.250	-83.72	0.3863	9446.064	14625.000	1222.1173		SA	A	0	SB
338	Spectrogram 1	1	1221.864600210	1221.864600210	8466.472	8466.472	8437.500	8437.500	-78.02	0.0000	0.000	8437.500	1221.8667	FI				
339	Spectrogram 1	1	1222.226188884	1222.226188884	17282.799	17282.799	17250.000	17250.000	-80.84	0.0000	0.000	17250.000	1222.2240	FF				
340	Spectrogram 1	1	1256.144412723	1256.498946008	12034.985	25049.563	22875.000	18187.500	-84.95	0.3545	13014.578	22875.000	1256.4320		SA	A	0	SB
341	Spectrogram 1	1	1256.149704265	1256.149704265	13014.577	13014.577	13031.250	13031.250	-71.91	0.0000	0.000	13031.250	1256.1493	FI				
342	Spectrogram 1	1	1256.490126773	1256.490126773	24699.708	24699.708	24656.250	24656.250	-84.38	0.0000	0.000	24656.250	1256.4907	FF				
343	Spectrogram 1	1	1313.316789846	1313.554909216	7416.910	20431.487	16875.000	13312.500	-83.81	0.2381	13014.577	16875.000	1313.4667		SA	A	0	SB
344	Spectrogram 1	1	1313.327372929	1313.327372929	7626.822	7626.822	7593.750	7593.750	-79.52	0.0000	0.000	7593.750	1313.3280	FI				
345	Spectrogram 1	1	1313.544326133	1313.544326133	20151.603	20151.603	20156.250	20156.250	-72.33	0.0000	0.000	20156.250	1313.5467	FF				
346	Spectrogram 1	1	1313.573584794	1314.019838133	8676.385	18122.449	11156.250	12843.750	-83.72	0.4463	9446.064	11156.250	1313.8187		SA	A	0	SB
347	Spectrogram 1	1	1313.585931724	1313.585931724	8956.268	8956.268	9000.000	9000.000	-84.22	0.0000	0.000	9000.000	1313.5840	FI				
348	Spectrogram 1	1	1314.009255050	1314.009255050	17772.595	17772.595	17812.500	17812.500	-79.60	0.0000	0.000	17812.500	1314.0107	FF				
349	Spectrogram 1	1	1314.637184650	1314.959968686	8676.385	13784.257	10406.250	11343.750	-80.27	0.3228	5107.872	10406.250	1314.7627		SA	A	0	SB
350	Spectrogram 1	1	1314.646003886	1314.646003886	9096.210	9096.210	9093.750	9093.750	-77.74	0.0000	0.000	9093.750	1314.6453	FI				
351	Spectrogram 1	1	1314.944094061	1314.944094061	13434.402	13434.402	13406.250	13406.250	-62.25	0.0000	0.000	13406.250	1314.9440	FF				
352	Spectrogram 1	1	1314.910580964	1315.182213432	8466.472	20221.574	12937.500	13593.750	-80.73	0.2716	11755.102	12937.500	1314.9760		SA	A	0	SB
353	Spectrogram 1	1	1314.917636353	1314.917636353	8956.268	8956.268	9000.000	9000.000	-75.85	0.0000	0.000	9000.000	1314.9173	FI				
354	Spectrogram 1	1	1315.168102654	1315.168102654	19871.720	19871.720	19875.000	19875.000	-76.16	0.0000	0.000	19875.000	1315.1680	FF				
355	Spectrogram 1	1	1315.741863177	1316.078757991	8256.560	20081.633	14156.250	13781.250	-81.18	0.3369	11825.073	14156.250	1315.8880		SA	A	0	SB
356	Spectrogram 1	1	1315.750682413	1315.750682413	8676.385	8676.385	8718.750	8718.750	-73.27	0.0000	0.000	8718.750	1315.7493	FI				
357	Spectrogram 1	1	1316.076994143	1316.076994143	19941.691	19941.691	19968.750	19968.750	-75.52	0.0000	0.000	19968.750	1316.0747	FF				
358	Spectrogram 1	1	1325.144327732	1325.447709449	7486.880	21760.933	10687.500	13031.250	-82.11	0.3034	14274.053	10687.500	1325.2160		SA	A	0	SB
359	Spectrogram 1	1	1325.151383121	1325.151383121	7766.764	7766.764	7781.250	7781.250	-72.72	0.0000	0.000	7781.250	1325.1520	FI				
360	Spectrogram 1	1	1325.437126366	1325.437126366	21620.991	21620.991	21656.250	21656.250	-81.74	0.0000	0.000	21656.250	1325.4347	FF				
361	Spectrogram 1	1	1328.700998525	1329.043184880	9655.977	15883.382	14250.000	13593.750	-82.00	0.3422	6227.405	14250.000	1328.9333		SA	A	0	SB
362	Spectrogram 1	1	1328.708053914	1328.708053914	10425.656	10425.656	10406.250	10406.250	-75.89	0.0000	0.000	10406.250	1328.7093	FI				
363	Spectrogram 1	1	1329.027310255	1329.027310255	15393.586	15393.586	15375.000	15375.000	-88.14	0.0000	0.000	15375.000	1329.0293	FF				
364	Spectrogram 1	1	1329.046712574	1329.403009707	5807.580	22390.671	12937.500	12937.500	-81.30	0.3563	16583.091	12937.500	1329.1680		SA	A	0	SB
365	Spectrogram 1	1	1329.055531810	1329.055531810	6227.405	6227.405	6187.500	6187.500	-79.08	0.0000	0.000	6187.500	1329.0560	FI				
366	Spectrogram 1	1	1329.390662777	1329.390662777	22040.816	22040.816	22031.250	22031.250	-77.93	0.0000	0.000	22031.250	1329.3920	FF				
367	Spectrogram 1	1	1329.346566597	1329.716974507	10565.598	18962.099	11625.000	12375.000	-79.69	0.3704	8396.501	11625.000	1329.5680		SA	A	0	SB
368	Spectrogram 1	1	1329.357149680	1329.357149680	10845.481	10845.481	10875.000	10875.000	-69.45	0.0000	0.000	10875.000	1329.3547	FI				
369	Spectrogram 1	1	1329.709919118	1329.709919118	18402.332	18402.332	18375.000	18375.000	-77.48	0.0000	0.000	18375.000	1329.7120	FF				
370	Spectrogram 1	1	1337.531335017	1337.917617552	7486.880	20011.662	12937.500	13031.250	-80.80	0.3863	12524.782	12937.500	1337.7227		SA	A	0	SB
371	Spectrogram 1	1	1337.538390406	1337.538390406	7906.706	7906.706	7875.000	7875.000	-83.15	0.0000	0.000	7875.000	1337.5360	FI				
372	Spectrogram 1	1	1337.908798316	1337.908798316	19661.808	19661.808	19687.500	19687.500	-68.85	0.0000	0.000	19687.500	1337.9093	FF				
373	Spectrogram 1	1	1342.449740689	1342.855425543	8536.443	17702.624	12375.000	12843.750	-82.93	0.4057	9166.181	12375.000	1342.6987		SA	A	0	SB
374	Spectrogram 1	1	1342.465615314	1342.465615314	9096.210	9096.210	9093.750	9093.750	-74.50	0.0000	0.000	9093.750	1342.4640	FI				
375	Spectrogram 1	1	1342.846606307	1342.846606307	17422.741	17422.741	17437.500	17437.500	-72.78	0.0000	0.000	17437.500	1342.8480	FF				
376	Spectrogram 1	1	1343.342247367	1343.696780653	8536.443	17772.595	10968.750	12937.500	-83.82	0.3545	9236.152	10968.750	1343.4720		SA	A	0	SB
377	Spectrogram 1	1	1343.354594298	1343.354594298	8956.268	8956.268	9000.000	9000.000	-88.81	0.0000	0.000	9000.000	1343.3547	FI				
378	Spectrogram 1	1	1343.687961417	1343.687961417	17492.711	17492.711	17531.250	17531.250	-70.08	0.0000	0.000	17531.250	1343.6853	FF				
379	Spectrogram 1	1	1368.933943559	1369.295532233	7836.735	17912.536	11437.500	12656.250	-82.91	0.3616	10075.801	11437.500	1369.1253		SA	A	0	SB
380	Spectrogram 1	1	1368.946290489	1368.946290489	8256.560	8256.560	8250.000	8250.000	-75.50	0.0000	0.000	8250.000	1368.9440	FI				
381	Spectrogram 1	1	1369.284949149	1369.284949149	17492.711	17492.711	17531.250	17531.250	-77.07	0.0000	0.000	17531.250	1369.2853	FF				
382	Spectrogram 1	1	1372.235516186	1372.507148653	6437.318	21551.020	10125.000	12656.250	-80.71	0.2716	15113.702	10125.000	1372.3040		SA	A	0	SB
383	Spectrogram 1	1	1372.246099269	1372.246099269	6997.085	6997.085	7031.250	7031.250	-76.64	0.0000	0.000	7031.250	1372.2453	FI				
384	Spectrogram 1	1	1372.494801723	1372.494801723	21201.166	21201.166	21187.500	21187.500	-66.87	0.0000	0.000	21187.500	1372.4960	FF				
385	Spectrogram 1	1	1374.346824540	1374.641387021	6787.172	21620.991	13406.250	13781.250	-82.90	0.2946	14833.819	13406.250	1374.5440		NA	A	0	SB
386	Spectrogram 1	1	1374.353879929	1374.353879929	7486.880	7486.880	7500.000	7500.000	-90.20	0.0000	0.000	7500.000	1374.3520	FI				
387	Spectrogram 1	1	1374.627276243	1374.627276243	21201.166	21201.166	21187.500	21187.500	-84.16	0.0000	0.000	21187.500	1374.6293	FF				
388	Spectrogram 1	1	1374.717232450	1375.117625762	9306.122	20711.370	16031.250	16031.250	-76.54	0.4004	11405.248	16031.250	1374.9067		SA	A	0	SB
389	Spectrogram 1	1	1374.726051686	1374.726051686	9446.064	9446.064	9468.750	9468.750	-78.19	0.0000	0.000	9468.750	1374.7253	FI				
390	Spectrogram 1	1	1375.114098068	1375.114098068	20291.545	20291.545	20250.000	20250.000	-85.20	0.0000	0.000	20250.000	1375.1147	FF				
391	Spectrogram 1	1	1380.122462688	1380.374692836	6647.230	21201.166	10500.000	11906.250	-80.90	0.2522	14553.936	10500.000	1380.1973		SA	A	0	SB
392	Spectrogram 1	1	1380.134809618	1380.134809618	7067.055	7067.055	7031.250	7031.250	-73.32	0.0000	0.000	7031.250	1380.1333	FI				
393	Spectrogram 1	1	1380.367637447	1380.367637447	20851.312	20851.312	20812.500	20812.500	-75.95	0.0000	0.000	20812.500	1380.3680	FF				
394	Spectrogram 1	1	1381.364387346	1381.787710671	8466.472	19801.749	16593.750	15281.250	-80.04	0.4233	11335.277	16593.750	1381.6053		SA	A	0	SB
395	Spectrogram 1	1	1381.385553512	1381.385553512	8676.385	8676.385	8718.750	8718.750	-78.16	0.0000	0.000	8718.750	1381.3867	FI				
396	Spectrogram 1	1	1381.787710671	1381.787710671	19032.070	19032.070	19031.250	19031.250	-90.14	0.0000	0.000	19031.250	1381.7867	FF				
397	Spectrogram 1	1	1383.157361810	1383.485437387	7626.822	19661.808	12656.250	13406.250	-82.98	0.3281	12034.986	12656.250	1383.3600		SA	A	0	SB
398	Spectrogram 1	1	1383.162653351	1383.162653351	8186.589	8186.589	8156.250	8156.250	-78.48	0.0000	0.000	8156.250	1383.1627	FI				
399	Spectrogram 1	1	1383.480145845	1383.480145845	19172.012	19172.012	19218.750	19218.750	-80.54	0.0000	0.000	19218.750	1383.4827	FF				
400	Spectrogram 1	1	1386.541438352	1386.825417750	5597.668	21061.224	9187.500	12843.750	-80.55	0.2840	15463.556	9187.500	1386.6027		SA	A	0	SB
401	Spectrogram 1	1	1386.553785282	1386.553785282	6227.405	6227.405	6187.500	6187.500	-74.60	0.0000	0.000	6187.500	1386.5547	FI				
402	Spectrogram 1	1	1386.818362361	1386.818362361	20711.370	20711.370	20718.750	20718.750	-77.72	0.0000	0.000	20718.750	1386.8160	FF				
403	Spectrogram 1	1	1390.437866492	1390.734192820	7137.026	19871.720	11531.250	12750.000	-81.95	0.2963	12734.694	11531.250	1390.5227		SA	A	0	SB
404	Spectrogram 1	1	1390.453741117	1390.453741117	7696.793	7696.793	7687.500	7687.500	-75.98	0.0000	0.000	7687.500	1390.4533	FI				
405	Spectrogram 1	1	1390.721845890	1390.721845890	19591.837	19591.837	19593.750	19593.750	-83.06	0.0000	0.000	19593.750	1390.7200	FF				
406	Spectrogram 1	1	1387.632133377	1387.882599678	11825.073	18192.420	17062.500	15468.750	-77.42	0.2505	6367.347	17062.500	1387.7707		SA	A	0	SB
407	Spectrogram 1	1	1387.644480307	1387.644480307	11965.015	11965.015	12000.000	12000.000	-70.77	0.0000	0.000	12000.000	1387.6427	FI				
408	Spectrogram 1	1	1387.873780442	1387.873780442	17842.566	17842.566	17812.500	17812.500	-76.28	0.0000	0.000	17812.500	1387.8720	FF				
409	Spectrogram 1	1	1387.291710869	1387.561579489	12314.869	17912.536	15281.250	16406.250	-72.38	0.2699	5597.667	15281.250	1387.3813		SA	A	0	SB
410	Spectrogram 1	1	1387.304057800	1387.304057800	12664.723	12664.723	12656.250	12656.250	-65.38	0.0000	0.000	12656.250	1387.3067	FI				
411	Spectrogram 1	1	1387.556287948	1387.556287948	16373.178	16373.178	16406.250	16406.250	-72.54	0.0000	0.000	16406.250	1387.5573	FF				
412	Spectrogram 1	1	1392.445837345	1392.750982909	5527.697	21061.224	11718.750	11343.750	-83.22	0.3051	15533.527	11718.750	1392.5707		SA	A	0	SB
413	Spectrogram 1	1	1392.451128887	1392.451128887	6087.464	6087.464	6093.750	6093.750	-69.38	0.0000	0.000	6093.750	1392.4533	FI				
414	Spectrogram 1	1	1392.743927520	1392.743927520	20571.429	20571.429	20531.250	20531.250	-81.65	0.0000	0.000	20531.250	1392.7413	FF				
415	Spectrogram 1	1	1388.291292161	1388.624659280	12734.694	21830.904	14906.250	15750.000	-85.87	0.3334	9096.210	14906.250	1388.3733		SA	A	0	SB
416	Spectrogram 1	1	1388.300111397	1388.300111397	13224.490	13224.490	13218.750	13218.750	-88.07	0.0000	0.000	13218.750	1388.2987	FI				
417	Spectrogram 1	1	1388.617603891	1388.617603891	21341.108	21341.108	21375.000	21375.000	-79.05	0.0000	0.000	21375.000	1388.6187	FF				
418	Spectrogram 1	1	1389.559498290	1389.839949994	7486.880	18962.099	10875.000	11718.750	-83.19	0.2805	11475.219	10875.000	1389.6640		SA	A	0	SB
419	Spectrogram 1	1	1389.573609068	1389.573609068	8046.647	8046.647	8062.500	8062.500	-80.42	0.0000	0.000	8062.500	1389.5733	FI				
420	Spectrogram 1	1	1389.832894605	1389.832894605	18472.303	18472.303	18468.750	18468.750	-80.91	0.0000	0.000	18468.750	1389.8347	FF				
421	Spectrogram 1	1	1401.511676715	1401.866210000	8046.647	16093.294	13968.750	13031.250	-81.61	0.3545	8046.647	13968.750	1401.7653		SA	A	0	SB
422	Spectrogram 1	1	1401.520495951	1401.520495951	8536.443	8536.443	8531.250	8531.250	-79.45	0.0000	0.000	8531.250	1401.5200	FI				
423	Spectrogram 1	1	1401.857390764	1401.857390764	15743.440	15743.440	15750.000	15750.000	-81.60	0.0000	0.000	15750.000	1401.8560	FF				
424	Spectrogram 1	1	1403.985608107	1404.255476727	7626.822	21970.845	10312.500	13875.000	-82.95	0.2699	14344.023	10312.500	1404.0320		SA	A	0	SB
425	Spectrogram 1	1	1403.997955037	1403.997955037	8116.618	8116.618	8156.250	8156.250	-72.23	0.0000	0.000	8156.250	1404.0000	FI				
426	Spectrogram 1	1	1404.248421338	1404.248421338	21620.991	21620.991	21656.250	21656.250	-75.46	0.0000	0.000	21656.250	1404.2507	FF				
427	Spectrogram 1	1	1406.182031386	1406.615937795	13364.431	22670.554	15937.500	16500.000	-84.31	0.4339	9306.123	15937.500	1406.5173		NA	A	0	SB
428	Spectrogram 1	1	1406.189086775	1406.189086775	13784.257	13784.257	13781.250	13781.250	-80.08	0.0000	0.000	13781.250	1406.1867	FI				
429	Spectrogram 1	1	1406.610646253	1406.610646253	22250.729	22250.729	22218.750	22218.750	-80.31	0.0000	0.000	22218.750	1406.6080	FF				
430	Spectrogram 1	1	1407.606426110	1407.946848618	5737.609	21411.079	10218.750	12375.000	-84.85	0.3404	15673.470	10218.750	1407.6853		SA	A	0	SB
431	Spectrogram 1	1	1407.615245346	1407.615245346	6087.464	6087.464	6093.750	6093.750	-80.76	0.0000	0.000	6093.750	1407.6160	FI				
432	Spectrogram 1	1	1407.941557076	1407.941557076	21201.166	21201.166	21187.500	21187.500	-82.84	0.0000	0.000	21187.500	1407.9413	FF				
433	Spectrogram 1	1	1406.675114793	1407.084327342	8046.647	19661.808	13500.000	12375.000	-83.70	0.4092	11615.161	13500.000	1406.9493		SA	A	0	SB
434	Spectrogram 1	1	1406.685697877	1406.685697877	8396.501	8396.501	8437.500	8437.500	-75.52	0.0000	0.000	8437.500	1406.6880	FI				
435	Spectrogram 1	1	1407.075508106	1407.075508106	19311.953	19311.953	19312.500	19312.500	-78.15	0.0000	0.000	19312.500	1407.0773	FF				
436	Spectrogram 1	1	1418.884113123	1419.217480242	6017.493	22180.758	18281.250	13406.250	-83.96	0.3334	16163.265	18281.250	1419.0773		SA	A	0	SB
437	Spectrogram 1	1	1418.894696206	1418.894696206	6507.289	6507.289	6468.750	6468.750	-81.32	0.0000	0.000	6468.750	1418.8960	FI				
438	Spectrogram 1	1	1419.205133312	1419.205133312	21970.845	21970.845	21937.500	21937.500	-72.79	0.0000	0.000	21937.500	1419.2053	FF				
439	Spectrogram 1	1	1417.414828414	1417.799347101	10145.773	16093.294	13218.750	13125.000	-82.06	0.3845	5947.521	13218.750	1417.6427		SA	A	0	SB
440	Spectrogram 1	1	1417.425411497	1417.425411497	10495.627	10495.627	10500.000	10500.000	-70.65	0.0000	0.000	10500.000	1417.4240	FI				
441	Spectrogram 1	1	1417.792291713	1417.792291713	15533.528	15533.528	15562.500	15562.500	-79.58	0.0000	0.000	15562.500	1417.7920	FF				
442	Spectrogram 1	1	1420.711506402	1420.953153468	6647.230	12804.665	9937.500	9843.750	-79.40	0.2416	6157.435	9937.500	1420.8587		SA	A	0	SB
443	Spectrogram 1	1	1420.720325638	1420.720325638	7137.026	7137.026	7125.000	7125.000	-77.81	0.0000	0.000	7125.000	1420.7200	FI				
444	Spectrogram 1	1	1420.946098079	1420.946098079	12384.840	12384.840	12375.000	12375.000	-68.11	0.0000	0.000	12375.000	1420.9440	FF				
445	Spectrogram 1	1	1423.231823370	1423.499928143	9236.152	19032.070	10968.750	13875.000	-84.78	0.2681	9795.918	10968.750	1423.3120		SA	A	0	SB
446	Spectrogram 1	1	1423.240642606	1423.240642606	9516.035	9516.035	9562.500	9562.500	-76.03	0.0000	0.000	9562.500	1423.2427	FI				
447	Spectrogram 1	1	1423.491108907	1423.491108907	18752.187	18752.187	18750.000	18750.000	-81.24	0.0000	0.000	18750.000	1423.4933	FF				
448	Spectrogram 1	1	1424.754403665	1425.057785382	8326.531	21830.904	11906.250	13312.500	-80.68	0.3034	13504.373	11906.250	1424.8320		SA	A	0	SB
449	Spectrogram 1	1	1424.761459054	1424.761459054	8746.356	8746.356	8718.750	8718.750	-70.46	0.0000	0.000	8718.750	1424.7627	FI				
450	Spectrogram 1	1	1425.043674605	1425.043674605	21551.020	21551.020	21562.500	21562.500	-77.20	0.0000	0.000	21562.500	1425.0453	FF				
451	Spectrogram 1	1	1425.498747180	1425.805656591	8396.501	13714.286	10312.500	10593.750	-82.75	0.3069	5317.785	10312.500	1425.6160		SA	A	0	SB
452	Spectrogram 1	1	1425.507566416	1425.507566416	8676.385	8676.385	8718.750	8718.750	-80.08	0.0000	0.000	8718.750	1425.5093	FI				
453	Spectrogram 1	1	1425.793309661	1425.793309661	13434.402	13434.402	13406.250	13406.250	-82.65	0.0000	0.000	13406.250	1425.7920	FF				
454	Spectrogram 1	1	1430.331386758	1430.611838462	6297.376	21620.991	19218.750	12562.500	-82.60	0.2805	15323.615	19218.750	1430.5120		SA	A	0	SB
455	Spectrogram 1	1	1430.340205994	1430.340205994	6717.201	6717.201	6750.000	6750.000	-82.52	0.0000	0.000	6750.000	1430.3413	FI				
456	Spectrogram 1	1	1430.604783073	1430.604783073	21271.137	21271.137	21281.250	21281.250	-72.76	0.0000	0.000	21281.250	1430.6027	FF				
457	Spectrogram 1	1	1450.737162376	1451.024669468	8466.472	20291.545	14250.000	14156.250	-78.08	0.2875	11825.073	14250.000	1450.8907		SA	A	0	SB
458	Spectrogram 1	1	1450.749509306	1450.749509306	9026.239	9026.239	9000.000	9000.000	-79.11	0.0000	0.000	9000.000	1450.7520	FI				
459	Spectrogram 1	1	1451.014086384	1451.014086384	20081.633	20081.633	20062.500	20062.500	-68.69	0.0000	0.000	20062.500	1451.0133	FF				
460	Spectrogram 1	1	1451.212607311	1451.366062017	12664.723	21690.962	16500.000	16500.000	-78.56	0.1535	9026.239	16500.000	1451.3067		SA	A	0	SB
461	Spectrogram 1	1	1451.224954242	1451.224954242	13154.519	13154.519	13125.000	13125.000	-82.26	0.0000	0.000	13125.000	1451.2267	FI				
462	Spectrogram 1	1	1451.362534322	1451.362534322	21690.962	21690.962	21656.250	21656.250	-82.42	0.0000	0.000	21656.250	1451.3600	FF				
463	Spectrogram 1	1	1452.716042579	1452.987675046	8326.531	18052.478	14156.250	14343.750	-76.69	0.2716	9725.947	14156.250	1452.8587		SA	A	0	SB
464	Spectrogram 1	1	1452.731917203	1452.731917203	8816.327	8816.327	8812.500	8812.500	-71.34	0.0000	0.000	8812.500	1452.7307	FI				
465	Spectrogram 1	1	1452.980619657	1452.980619657	17632.653	17632.653	17625.000	17625.000	-73.47	0.0000	0.000	17625.000	1452.9813	FF				
466	Spectrogram 1	1	1453.640678677	1453.998739656	7556.851	16862.974	10968.750	11250.000	-76.79	0.3581	9306.123	10968.750	1453.8507		SA	A	0	SB
467	Spectrogram 1	1	1453.644206371	1453.644206371	8046.647	8046.647	8062.500	8062.500	-82.26	0.0000	0.000	8062.500	1453.6427	FI				
468	Spectrogram 1	1	1453.988156573	1453.988156573	16513.120	16513.120	16500.000	16500.000	-66.31	0.0000	0.000	16500.000	1453.9893	FF				
469	Spectrogram 1	1	1453.520737068	1453.961698865	11055.394	20081.633	11156.250	14156.250	-78.42	0.4410	9026.239	11156.250	1453.8560		NA	A	0	SB
470	Spectrogram 1	1	1453.533083998	1453.533083998	11545.190	11545.190	11531.250	11531.250	-78.82	0.0000	0.000	11531.250	1453.5307	FI				
471	Spectrogram 1	1	1453.954643476	1453.954643476	19591.837	19591.837	19593.750	19593.750	-80.58	0.0000	0.000	19593.750	1453.9520	FF				
472	Spectrogram 1	1	1454.501436105	1454.942397903	10145.773	18752.187	13031.250	14906.250	-80.64	0.4410	8606.414	13031.250	1454.6080		SA	A	0	SB
473	Spectrogram 1	1	1454.517310730	1454.517310730	10425.656	10425.656	10406.250	10406.250	-68.93	0.0000	0.000	10406.250	1454.5173	FI				
474	Spectrogram 1	1	1454.931814820	1454.931814820	18332.362	18332.362	18375.000	18375.000	-87.39	0.0000	0.000	18375.000	1454.9333	FF				
475	Spectrogram 1	1	1455.257472356	1455.527340976	7276.968	19102.041	16593.750	15000.000	-76.71	0.2699	11825.073	16593.750	1455.3653		NA	A	0	SB
476	Spectrogram 1	1	1455.266291592	1455.266291592	7836.735	7836.735	7875.000	7875.000	-67.74	0.0000	0.000	7875.000	1455.2640	FI				
477	Spectrogram 1	1	1455.529104823	1455.529104823	18892.128	18892.128	18937.500	18937.500	-90.68	0.0000	0.000	18937.500	1455.5307	FF				
478	Spectrogram 1	1	1455.130475358	1455.370358576	6367.347	17282.799	16593.750	14531.250	-77.17	0.2399	10915.452	16593.750	1455.3653		NA	A	0	SB
479	Spectrogram 1	1	1455.141058441	1455.141058441	7067.055	7067.055	7031.250	7031.250	-81.84	0.0000	0.000	7031.250	1455.1413	FI				
480	Spectrogram 1	1	1455.365067034	1455.365067034	16723.032	16723.032	16687.500	16687.500	-56.57	0.0000	0.000	16687.500	1455.3653	FF				
481	Spectrogram 1	1	1457.167830776	1457.554113310	9935.860	19241.983	14156.250	13968.750	-79.25	0.3863	9306.123	14156.250	1457.2960		SA	A	0	SB
482	Spectrogram 1	1	1457.174886165	1457.174886165	10425.656	10425.656	10406.250	10406.250	-73.78	0.0000	0.000	10406.250	1457.1733	FI				
483	Spectrogram 1	1	1457.547057922	1457.547057922	18822.157	18822.157	18843.750	18843.750	-78.44	0.0000	0.000	18843.750	1457.5467	FF				
484	Spectrogram 1	1	1422.706196907	1422.958427056	6568.421	13209.023	10406.250	10031.250	-79.72	0.2522	6640.602	10406.250	1422.8853		SA	A	0	SB
485	Spectrogram 1	1	1422.715016143	1422.715016143	7073.684	7073.684	7031.250	7031.250	-79.81	0.0000	0.000	7031.250	1422.7147	FI				
486	Spectrogram 1	1	1422.949607820	1422.949607820	12920.301	12920.301	12937.500	12937.500	-83.01	0.0000	0.000	12937.500	1422.9493	FF				
487	Spectrogram 1	1	1437.017212164	1437.396439310	13644.315	18402.332	17437.500	16593.750	-82.98	0.3792	4758.017	17437.500	1437.2267		SA	A	0	SB
488	Spectrogram 1	1	1437.029559094	1437.029559094	13994.169	13994.169	13968.750	13968.750	-79.16	0.0000	0.000	13968.750	1437.0293	FI				
489	Spectrogram 1	1	1437.382328532	1437.382328532	17912.536	17912.536	17906.250	17906.250	-81.65	0.0000	0.000	17906.250	1437.3813	FF				
490	Spectrogram 1	1	1461.806307552	1462.153785448	7346.939	21131.195	11906.250	12468.750	-76.71	0.3475	13784.256	11906.250	1461.8880		SA	A	0	SB
491	Spectrogram 1	1	1461.820418329	1461.820418329	7906.706	7906.706	7875.000	7875.000	-64.97	0.0000	0.000	7875.000	1461.8187	FI				
492	Spectrogram 1	1	1462.144966212	1462.144966212	20991.254	20991.254	21000.000	21000.000	-74.99	0.0000	0.000	21000.000	1462.1440	FF				
493	Spectrogram 1	1	1481.474718867	1481.802794444	11195.335	19032.070	15093.750	15093.750	-74.05	0.3281	7836.735	15093.750	1481.6000		SA	A	0	SB
494	Spectrogram 1	1	1481.487065797	1481.487065797	11965.015	11965.015	12000.000	12000.000	-83.76	0.0000	0.000	12000.000	1481.4880	FI				
495	Spectrogram 1	1	1481.793975208	1481.793975208	18542.274	18542.274	18562.500	18562.500	-66.90	0.0000	0.000	18562.500	1481.7920	FF				
496	Spectrogram 1	1	1481.949193761	1482.229645464	11055.394	18892.128	15187.500	14906.250	-73.72	0.2805	7836.734	15187.500	1482.0693		SA	A	0	SB
497	Spectrogram 1	1	1481.958012997	1481.958012997	11755.102	11755.102	11718.750	11718.750	-60.69	0.0000	0.000	11718.750	1481.9573	FI				
498	Spectrogram 1	1	1482.219062381	1482.219062381	18682.216	18682.216	18656.250	18656.250	-82.09	0.0000	0.000	18656.250	1482.2187	FF				
499	Spectrogram 1	1	1482.525971792	1482.804659648	6647.230	18752.187	10875.000	11718.750	-73.09	0.2787	12104.957	10875.000	1482.6133		SA	A	0	SB
500	Spectrogram 1	1	1482.536554876	1482.536554876	7206.997	7206.997	7218.750	7218.750	-63.75	0.0000	0.000	7218.750	1482.5387	FI				
501	Spectrogram 1	1	1482.799368107	1482.799368107	18332.362	18332.362	18375.000	18375.000	-65.53	0.0000	0.000	18375.000	1482.8000	FF				
502	Spectrogram 1	1	1482.917545869	1483.102749824	7206.997	20221.574	11062.500	14156.250	-74.96	0.1852	13014.577	11062.500	1482.9653		SA	A	0	SB
503	Spectrogram 1	1	1482.932363913	1482.932363913	7556.851	7556.851	7593.750	7593.750	-68.45	0.0000	0.000	7593.750	1482.9333	FI				
504	Spectrogram 1	1	1483.099929396	1483.099929396	19941.691	19941.691	19968.750	19968.750	-80.22	0.0000	0.000	19968.750	1483.0987	FF				
505	Spectrogram 1	1	1484.374464174	1484.704303598	6787.172	17772.595	10406.250	10500.000	-74.02	0.3298	10985.423	10406.250	1484.5760		SA	A	0	SB
506	Spectrogram 1	1	1484.386811104	1484.386811104	7416.910	7416.910	7406.250	7406.250	-85.44	0.0000	0.000	7406.250	1484.3893	FI				
507	Spectrogram 1	1	1484.700775904	1484.700775904	17562.682	17562.682	17531.250	17531.250	-68.06	0.0000	0.000	17531.250	1484.6987	FF				
508	Spectrogram 1	1	1494.694972034	1495.079490721	11265.306	18402.332	13968.750	15000.000	-74.57	0.3845	7137.026	13968.750	1494.7840		SA	A	0	SB
509	Spectrogram 1	1	1494.705555117	1494.705555117	11755.102	11755.102	11718.750	11718.750	-84.12	0.0000	0.000	11718.750	1494.7040	FI				
510	Spectrogram 1	1	1495.074199180	1495.074199180	17912.536	17912.536	17906.250	17906.250	-78.00	0.0000	0.000	17906.250	1495.0720	FF				
511	Spectrogram 1	1	1503.276411931	1503.703262951	6997.085	20711.370	15843.750	15375.000	-78.32	0.4269	13714.286	15843.750	1503.4720		SA	A	0	SB
512	Spectrogram 1	1	1503.283467319	1503.283467319	7486.880	7486.880	7500.000	7500.000	-73.69	0.0000	0.000	7500.000	1503.2853	FI				
513	Spectrogram 1	1	1503.697971409	1503.697971409	20151.603	20151.603	20156.250	20156.250	-83.88	0.0000	0.000	20156.250	1503.6960	FF				
514	Spectrogram 1	1	1527.501419764	1527.928270784	8816.327	19801.749	14718.750	12093.750	-79.26	0.4269	10985.423	14718.750	1527.7387		SA	A	0	SB
515	Spectrogram 1	1	1527.510239000	1527.510239000	9376.093	9376.093	9375.000	9375.000	-77.29	0.0000	0.000	9375.000	1527.5093	FI				
516	Spectrogram 1	1	1527.914160006	1527.914160006	19451.895	19451.895	19406.250	19406.250	-74.03	0.0000	0.000	19406.250	1527.9147	FF				
517	Spectrogram 1	1	1542.003187808	1542.322444149	7766.764	22390.671	16312.500	15375.000	-80.51	0.3193	14623.907	16312.500	1542.1333		SA	A	0	SB
518	Spectrogram 1	1	1542.013770891	1542.013770891	7906.706	7906.706	7875.000	7875.000	-86.14	0.0000	0.000	7875.000	1542.0160	FI				
519	Spectrogram 1	1	1542.313624913	1542.313624913	22180.758	22180.758	22218.750	22218.750	-81.64	0.0000	0.000	22218.750	1542.3147	FF				
520	Spectrogram 1	1	1549.107184609	1549.414094020	7346.939	21900.875	15000.000	14531.250	-80.28	0.3069	14553.936	15000.000	1549.2533		SA	A	0	SB
521	Spectrogram 1	1	1549.119531539	1549.119531539	7696.793	7696.793	7687.500	7687.500	-94.00	0.0000	0.000	7687.500	1549.1200	FI				
522	Spectrogram 1	1	1549.403510937	1549.403510937	21620.991	21620.991	21656.250	21656.250	-68.99	0.0000	0.000	21656.250	1549.4027	FF				
523	Spectrogram 1	1	1575.400612556	1575.776312008	6997.085	22040.816	18187.500	14156.250	-82.52	0.3757	15043.732	18187.500	1575.6000		SA	A	0	SB
524	Spectrogram 1	1	1575.402376403	1575.402376403	7696.793	7696.793	7687.500	7687.500	-79.80	0.0000	0.000	7687.500	1575.4027	FI				
525	Spectrogram 1	1	1575.767492772	1575.767492772	21551.020	21551.020	21562.500	21562.500	-77.90	0.0000	0.000	21562.500	1575.7653	FF				
526	Spectrogram 1	1	1730.894497686	1731.268433290	5387.755	30577.259	9937.500	11343.750	-78.61	0.3739	25189.504	9937.500	1731.0987		SA	A	0	SB
527	Spectrogram 1	1	1730.899789227	1730.899789227	6017.493	6017.493	6000.000	6000.000	-66.69	0.0000	0.000	6000.000	1730.9013	FI				
528	Spectrogram 1	1	1731.264905596	1731.264905596	30227.405	30227.405	30187.500	30187.500	-73.84	0.0000	0.000	30187.500	1731.2640	FF				
529	Spectrogram 1	1	1877.992943538	1878.416266863	5037.901	31137.026	16593.750	16406.250	-72.40	0.4233	26099.125	16593.750	1878.1440		SA	A	0	SB
530	Spectrogram 1	1	1878.010582010	1878.010582010	5457.726	5457.726	5437.500	5437.500	-63.41	0.0000	0.000	5437.500	1878.0107	FI				
531	Spectrogram 1	1	1878.398628391	1878.398628391	30437.318	30437.318	30468.750	30468.750	-77.03	0.0000	0.000	30468.750	1878.4000	FF				
532	Spectrogram 1	1	1893.985210048	1894.362673346	6857.143	33026.239	9375.000	12937.500	-74.88	0.3775	26169.096	9375.000	1894.2613		NA	A	0	SB
533	Spectrogram 1	1	1893.994029284	1893.994029284	7346.939	7346.939	7312.500	7312.500	-77.73	0.0000	0.000	7312.500	1893.9947	FI				
534	Spectrogram 1	1	1894.355617958	1894.355617958	32116.618	32116.618	32156.250	32156.250	-92.98	0.0000	0.000	32156.250	1894.3573	FF				
535	Spectrogram 1	1	1946.684811153	1947.131064492	5177.843	29037.901	17250.000	17718.750	-75.79	0.4463	23860.058	17250.000	1946.8373		SA	A	0	SB
536	Spectrogram 1	1	1946.695394236	1946.695394236	5527.697	5527.697	5531.250	5531.250	-71.09	0.0000	0.000	5531.250	1946.6933	FI				
537	Spectrogram 1	1	1947.118717562	1947.118717562	28478.134	28478.134	28500.000	28500.000	-74.15	0.0000	0.000	28500.000	1947.1200	FF				
538	Spectrogram 1	1	1947.501472402	1947.951253436	5807.580	22880.466	16500.000	15093.750	-80.66	0.4498	17072.886	16500.000	1947.6853		SA	A	0	SB
539	Spectrogram 1	1	1947.510291638	1947.510291638	6507.289	6507.289	6468.750	6468.750	-86.92	0.0000	0.000	6468.750	1947.5093	FI				
540	Spectrogram 1	1	1947.947725741	1947.947725741	22460.641	22460.641	22500.000	22500.000	-75.53	0.0000	0.000	22500.000	1947.9467	FF				
541	Spectrogram 1	1	1948.691848589	1949.102824984	7276.968	20501.458	12187.500	13031.250	-80.48	0.4110	13224.490	12187.500	1948.7467		SA	A	0	SB
542	Spectrogram 1	1	1948.698903977	1948.698903977	8046.647	8046.647	8062.500	8062.500	-90.27	0.0000	0.000	8062.500	1948.6987	FI				
543	Spectrogram 1	1	1949.092241901	1949.092241901	20011.662	20011.662	19968.750	19968.750	-81.99	0.0000	0.000	19968.750	1949.0933	FF				
544	Spectrogram 1	1	1954.360294444	1954.790673158	6927.114	26309.038	16968.750	15656.250	-82.39	0.4304	19381.924	16968.750	1954.5173		SA	A	0	SB
545	Spectrogram 1	1	1954.370877527	1954.370877527	7696.793	7696.793	7687.500	7687.500	-69.25	0.0000	0.000	7687.500	1954.3733	FI				
546	Spectrogram 1	1	1954.787145464	1954.787145464	26029.155	26029.155	26062.500	26062.500	-87.42	0.0000	0.000	26062.500	1954.7893	FF				
547	Spectrogram 1	1	1972.735437452	1973.186982333	5597.668	25469.388	16031.250	13968.750	-82.04	0.4515	19871.720	16031.250	1972.8693		SA	A	0	SB
548	Spectrogram 1	1	1972.742492841	1972.742492841	6437.318	6437.318	6468.750	6468.750	-61.88	0.0000	0.000	6468.750	1972.7413	FI				
549	Spectrogram 1	1	1973.183454639	1973.183454639	24699.708	24699.708	24656.250	24656.250	-82.23	0.0000	0.000	24656.250	1973.1840	FF				
