Selection	View	Channel	Begin Time (s)	End Time (s)	Low Freq (Hz)	High Freq (Hz)	Max Freq (Hz)	Center Freq (Hz)	Avg Power Density (dB FS)	Delta Time (s)	Delta Freq (Hz)	Peak Freq (Hz)	Peak Time (s)	observacoes	PF_check	modulacao	Pi	sobreposicao
1	Spectrogram 1	1	68.540770188	68.890011931	14903.790	20711.370	16218.750	16406.250	-81.33	0.3492	5807.580	16218.750	68.6827		SA	A	0	SB
2	Spectrogram 1	1	68.542534035	68.542534035	15393.586	15393.586	15375.000	15375.000	-83.79	0.0000	0.000	15375.000	68.5440	FI				
3	Spectrogram 1	1	68.884720390	68.884720390	20431.487	20431.487	20437.500	20437.500	-81.68	0.0000	0.000	20437.500	68.8853	FF				
4	Spectrogram 1	1	160.122791843	160.574336724	10145.773	24139.942	13593.750	14625.000	-83.97	0.4515	13994.169	13593.750	160.2560		SA	A	0	SB
5	Spectrogram 1	1	160.129847232	160.129847232	10775.510	10775.510	10781.250	10781.250	-81.99	0.0000	0.000	10781.250	160.1280	FI				
6	Spectrogram 1	1	160.560225947	160.560225947	23580.175	23580.175	23625.000	23625.000	-86.70	0.0000	0.000	23625.000	160.5600	FF				
7	Spectrogram 1	1	171.018367245	171.254722768	7906.706	17842.566	13875.000	12937.500	-82.15	0.2364	9935.860	13875.000	171.1680		SA	A	0	SB
8	Spectrogram 1	1	171.027186481	171.027186481	8326.531	8326.531	8343.750	8343.750	-78.87	0.0000	0.000	8343.750	171.0293	FI				
9	Spectrogram 1	1	171.251195074	171.251195074	17002.915	17002.915	16968.750	16968.750	-100.79	0.0000	0.000	16968.750	171.2533	FF				
10	Spectrogram 1	1	173.324793847	173.571732454	7696.793	16303.207	13500.000	13031.250	-85.94	0.2469	8606.414	13500.000	173.5040		SA	A	0	SB
11	Spectrogram 1	1	173.331849236	173.331849236	8396.501	8396.501	8437.500	8437.500	-81.61	0.0000	0.000	8437.500	173.3333	FI				
12	Spectrogram 1	1	173.559385524	173.559385524	15743.440	15743.440	15750.000	15750.000	-97.97	0.0000	0.000	15750.000	173.5573	FF				
13	Spectrogram 1	1	181.527267804	181.756567938	7556.851	15253.644	8062.500	10687.500	-83.28	0.2293	7696.793	8062.500	181.6213		NA	A	0	SB
14	Spectrogram 1	1	181.529031651	181.529031651	8046.647	8046.647	8062.500	8062.500	-75.02	0.0000	0.000	8062.500	181.5307	FI				
15	Spectrogram 1	1	181.753040244	181.753040244	14973.761	14973.761	15000.000	15000.000	-84.02	0.0000	0.000	15000.000	181.7547	FF				
16	Spectrogram 1	1	186.203056369	186.487035767	5387.755	17982.507	5437.500	11625.000	-81.52	0.2840	12594.752	5437.500	186.2933		NA	A	0	SB
17	Spectrogram 1	1	186.215403300	186.215403300	5947.522	5947.522	5906.250	5906.250	-77.14	0.0000	0.000	5906.250	186.2133	FI				
18	Spectrogram 1	1	186.479980378	186.479980378	17562.682	17562.682	17531.250	17531.250	-102.85	0.0000	0.000	17531.250	186.4800	FF				
19	Spectrogram 1	1	204.189250019	204.480284805	7696.793	17912.536	10968.750	12281.250	-84.02	0.2910	10215.743	10968.750	204.2933		SA	A	0	SB
20	Spectrogram 1	1	204.196305408	204.196305408	8256.560	8256.560	8250.000	8250.000	-85.65	0.0000	0.000	8250.000	204.1973	FI				
21	Spectrogram 1	1	204.464410181	204.464410181	17422.741	17422.741	17437.500	17437.500	-78.28	0.0000	0.000	17437.500	204.4640	FF				
22	Spectrogram 1	1	210.447388491	210.646703224	9096.210	18402.332	10406.250	13125.000	-82.98	0.1993	9306.122	10406.250	210.5173		NA	A	0	SB
23	Spectrogram 1	1	210.456207727	210.456207727	9306.122	9306.122	9281.250	9281.250	-81.92	0.0000	0.000	9281.250	210.4587	FI				
24	Spectrogram 1	1	210.636120141	210.636120141	17772.595	17772.595	17812.500	17812.500	-81.43	0.0000	0.000	17812.500	210.6347	FF				
25	Spectrogram 1	1	216.852258861	217.272054492	7276.968	18542.274	9375.000	11906.250	-84.69	0.4198	11265.306	9375.000	216.9760		SA	A	0	SB
26	Spectrogram 1	1	216.862841944	216.862841944	7766.764	7766.764	7781.250	7781.250	-81.82	0.0000	0.000	7781.250	216.8640	FI				
27	Spectrogram 1	1	217.266762951	217.266762951	18122.449	18122.449	18093.750	18093.750	-77.85	0.0000	0.000	18093.750	217.2693	FF				
28	Spectrogram 1	1	225.052370874	225.424542631	7836.735	23230.321	13781.250	12656.250	-86.62	0.3722	15393.586	13781.250	225.2747		SA	A	0	SB
29	Spectrogram 1	1	225.064717805	225.064717805	8536.443	8536.443	8531.250	8531.250	-90.14	0.0000	0.000	8531.250	225.0667	FI				
30	Spectrogram 1	1	225.413959548	225.413959548	22880.466	22880.466	22875.000	22875.000	-97.93	0.0000	0.000	22875.000	225.4133	FF				
31	Spectrogram 1	1	226.495197876	226.812690370	7067.055	19451.895	13781.250	13875.000	-83.94	0.3175	12384.840	13781.250	226.6667		SA	A	0	SB
32	Spectrogram 1	1	226.511072501	226.511072501	7626.822	7626.822	7593.750	7593.750	-81.09	0.0000	0.000	7593.750	226.5120	FI				
33	Spectrogram 1	1	226.802107287	226.802107287	19102.041	19102.041	19125.000	19125.000	-88.23	0.0000	0.000	19125.000	226.8000	FF				
34	Spectrogram 1	1	331.315541753	331.666547344	6927.114	21830.904	9562.500	10875.000	-85.53	0.3510	14903.790	9562.500	331.3867		SA	A	0	SB
35	Spectrogram 1	1	331.327888684	331.327888684	7206.997	7206.997	7218.750	7218.750	-73.15	0.0000	0.000	7218.750	331.3280	FI				
36	Spectrogram 1	1	331.661255803	331.661255803	21341.108	21341.108	21375.000	21375.000	-77.70	0.0000	0.000	21375.000	331.6587	FF				
37	Spectrogram 1	1	331.908194409	332.266255389	8116.618	18122.449	16125.000	13125.000	-83.12	0.3581	10005.831	16125.000	332.1867		SA	A	0	SB
38	Spectrogram 1	1	331.922305187	331.922305187	8606.414	8606.414	8625.000	8625.000	-95.20	0.0000	0.000	8625.000	331.9200	FI				
39	Spectrogram 1	1	332.257436153	332.257436153	17772.595	17772.595	17812.500	17812.500	-110.76	0.0000	0.000	17812.500	332.2560	FF				
40	Spectrogram 1	1	333.726701388	334.042430035	7416.910	21690.962	12093.750	11343.750	-84.92	0.3157	14274.052	12093.750	333.8720		SA	A	0	SB
41	Spectrogram 1	1	333.733756777	333.733756777	8046.647	8046.647	8062.500	8062.500	-77.57	0.0000	0.000	8062.500	333.7333	FI				
42	Spectrogram 1	1	334.033610799	334.033610799	21201.166	21201.166	21187.500	21187.500	-81.69	0.0000	0.000	21187.500	334.0320	FF				
43	Spectrogram 1	1	427.636981176	428.032082946	7067.055	25329.446	9468.750	12375.000	-88.92	0.3951	18262.391	9468.750	427.6693		SA	A	0	SB
44	Spectrogram 1	1	427.645800412	427.645800412	7836.735	7836.735	7875.000	7875.000	-92.80	0.0000	0.000	7875.000	427.6480	FI				
45	Spectrogram 1	1	428.026791405	428.026791405	24629.738	24629.738	24656.250	24656.250	-90.15	0.0000	0.000	24656.250	428.0267	FF				
46	Spectrogram 1	1	439.571918031	439.889410525	8816.327	14623.907	9562.500	9843.750	-78.20	0.3175	5807.580	9562.500	439.6373		SA	A	0	SB
47	Spectrogram 1	1	439.587792656	439.587792656	9166.181	9166.181	9187.500	9187.500	-87.29	0.0000	0.000	9187.500	439.5893	FI				
48	Spectrogram 1	1	439.878827442	439.878827442	14134.111	14134.111	14156.250	14156.250	-67.19	0.0000	0.000	14156.250	439.8773	FF				
49	Spectrogram 1	1	441.251673695	441.630900840	7766.764	15883.382	10500.000	10500.000	-80.54	0.3792	8116.618	10500.000	441.4453		SA	A	0	SB
50	Spectrogram 1	1	441.264020625	441.264020625	7976.676	7976.676	7968.750	7968.750	-84.05	0.0000	0.000	7968.750	441.2640	FI				
51	Spectrogram 1	1	441.629136993	441.629136993	15673.469	15673.469	15656.250	15656.250	-85.50	0.0000	0.000	15656.250	441.6267	FF				
52	Spectrogram 1	1	453.729875484	453.946828689	7766.764	12734.694	10875.000	10218.750	-81.17	0.2170	4967.930	10875.000	453.8827		SA	A	0	SB
53	Spectrogram 1	1	453.743986262	453.743986262	7836.735	7836.735	7875.000	7875.000	-79.58	0.0000	0.000	7875.000	453.7440	FI				
54	Spectrogram 1	1	453.939773300	453.939773300	12524.781	12524.781	12562.500	12562.500	-78.27	0.0000	0.000	12562.500	453.9413	FF				
55	Spectrogram 1	1	454.651702405	454.803393263	7137.026	12664.723	10968.750	10125.000	-80.72	0.1517	5527.697	10968.750	454.7573		SA	A	0	SB
56	Spectrogram 1	1	454.662285488	454.662285488	7556.851	7556.851	7593.750	7593.750	-75.56	0.0000	0.000	7593.750	454.6613	FI				
57	Spectrogram 1	1	454.794574027	454.794574027	12384.840	12384.840	12375.000	12375.000	-69.91	0.0000	0.000	12375.000	454.7947	FF				
58	Spectrogram 1	1	454.510594630	454.840434054	7766.764	17562.682	9937.500	11343.750	-81.06	0.3298	9795.918	9937.500	454.5600		SA	A	0	SB
59	Spectrogram 1	1	454.521177713	454.521177713	8396.501	8396.501	8437.500	8437.500	-73.77	0.0000	0.000	8437.500	454.5227	FI				
60	Spectrogram 1	1	454.829850971	454.829850971	16862.974	16862.974	16875.000	16875.000	-76.09	0.0000	0.000	16875.000	454.8320	FF				
61	Spectrogram 1	1	459.981028374	460.249133147	5177.843	17352.770	13031.250	10875.000	-84.99	0.2681	12174.927	13031.250	460.1707		SA	A	0	SB
62	Spectrogram 1	1	459.991611457	459.991611457	5737.609	5737.609	5718.750	5718.750	-79.96	0.0000	0.000	5718.750	459.9893	FI				
63	Spectrogram 1	1	460.242077758	460.242077758	16723.032	16723.032	16687.500	16687.500	-76.59	0.0000	0.000	16687.500	460.2400	FF				
64	Spectrogram 1	1	465.964473394	466.184954292	5527.697	17352.770	13406.250	12093.750	-80.68	0.2205	11825.073	13406.250	466.1067		NA	A	0	SB
65	Spectrogram 1	1	465.973292630	465.973292630	6087.464	6087.464	6093.750	6093.750	-86.04	0.0000	0.000	6093.750	465.9733	FI				
66	Spectrogram 1	1	466.174371209	466.174371209	17002.915	17002.915	16968.750	16968.750	-75.24	0.0000	0.000	16968.750	466.1760	FF				
67	Spectrogram 1	1	471.734739229	471.981677835	8536.443	20431.487	12187.500	11718.750	-82.66	0.2469	11895.044	12187.500	471.8560		SA	A	0	SB
68	Spectrogram 1	1	471.747086159	471.747086159	9026.239	9026.239	9000.000	9000.000	-80.30	0.0000	0.000	9000.000	471.7493	FI				
69	Spectrogram 1	1	471.974622446	471.974622446	20011.662	20011.662	19968.750	19968.750	-80.49	0.0000	0.000	19968.750	471.9733	FF				
70	Spectrogram 1	1	467.083775911	467.406559946	6927.114	13924.198	9187.500	10406.250	-78.62	0.3228	6997.085	9187.500	467.2693		NA	A	0	SB
71	Spectrogram 1	1	467.094358994	467.094358994	7416.910	7416.910	7406.250	7406.250	-87.25	0.0000	0.000	7406.250	467.0933	FI				
72	Spectrogram 1	1	467.399504558	467.399504558	13504.373	13504.373	13500.000	13500.000	-84.91	0.0000	0.000	13500.000	467.3973	FF				
73	Spectrogram 1	1	473.356030644	473.652356972	9935.860	13854.227	12375.000	12000.000	-80.80	0.2963	3918.367	12375.000	473.5787		SA	A	0	SB
74	Spectrogram 1	1	473.370141421	473.370141421	10285.714	10285.714	10312.500	10312.500	-75.42	0.0000	0.000	10312.500	473.3707	FI				
75	Spectrogram 1	1	473.641773889	473.641773889	13224.490	13224.490	13218.750	13218.750	-81.19	0.0000	0.000	13218.750	473.6427	FF				
76	Spectrogram 1	1	486.678385755	486.912977431	7976.676	16513.120	10593.750	11718.750	-79.05	0.2346	8536.443	10593.750	486.7573		SA	A	0	SB
77	Spectrogram 1	1	486.685441144	486.685441144	8536.443	8536.443	8531.250	8531.250	-72.19	0.0000	0.000	8531.250	486.6880	FI				
78	Spectrogram 1	1	486.904158195	486.904158195	16093.294	16093.294	16125.000	16125.000	-78.26	0.0000	0.000	16125.000	486.9067	FF				
79	Spectrogram 1	1	487.387452325	487.546198572	7346.939	16583.090	10968.750	11250.000	-83.49	0.1587	9236.152	10968.750	487.4507		SA	A	0	SB
80	Spectrogram 1	1	487.394507714	487.394507714	7906.706	7906.706	7875.000	7875.000	-76.19	0.0000	0.000	7875.000	487.3920	FI				
81	Spectrogram 1	1	487.544434725	487.544434725	16093.294	16093.294	16125.000	16125.000	-76.95	0.0000	0.000	16125.000	487.5467	FF				
82	Spectrogram 1	1	491.559174756	491.756725641	7766.764	15673.469	13218.750	11343.750	-83.44	0.1976	7906.706	13218.750	491.6960		SA	A	0	SB
83	Spectrogram 1	1	491.571521686	491.571521686	8186.589	8186.589	8156.250	8156.250	-85.38	0.0000	0.000	8156.250	491.5733	FI				
84	Spectrogram 1	1	491.747906405	491.747906405	15253.644	15253.644	15281.250	15281.250	-92.77	0.0000	0.000	15281.250	491.7493	FF				
85	Spectrogram 1	1	494.112157658	494.394373208	7067.055	17142.857	12187.500	11343.750	-80.42	0.2822	10075.802	12187.500	494.2933		SA	A	0	SB
86	Spectrogram 1	1	494.119213046	494.119213046	7556.851	7556.851	7593.750	7593.750	-80.24	0.0000	0.000	7593.750	494.1173	FI				
87	Spectrogram 1	1	494.390845514	494.390845514	16653.061	16653.061	16687.500	16687.500	-72.41	0.0000	0.000	16687.500	494.3893	FF				
88	Spectrogram 1	1	497.885314946	498.192224357	7766.764	12104.956	9375.000	9187.500	-76.26	0.3069	4338.192	9375.000	498.0693		SA	A	0	SB
89	Spectrogram 1	1	497.895898029	497.895898029	8186.589	8186.589	8156.250	8156.250	-76.67	0.0000	0.000	8156.250	497.8933	FI				
90	Spectrogram 1	1	498.181641274	498.181641274	10565.598	10565.598	10593.750	10593.750	-66.66	0.0000	0.000	10593.750	498.1813	FF				
91	Spectrogram 1	1	499.967088158	500.399230719	6997.085	22110.787	14250.000	12843.750	-84.58	0.4321	15113.703	14250.000	500.2187		SA	A	0	SB
92	Spectrogram 1	1	499.974143547	499.974143547	7626.822	7626.822	7593.750	7593.750	-81.78	0.0000	0.000	7593.750	499.9733	FI				
93	Spectrogram 1	1	500.395703025	500.395703025	21411.079	21411.079	21375.000	21375.000	-79.49	0.0000	0.000	21375.000	500.3947	FF				
94	Spectrogram 1	1	510.962746218	511.230850991	5037.901	18122.449	10218.750	10875.000	-85.11	0.2681	13084.548	10218.750	511.0773		SA	A	0	SB
95	Spectrogram 1	1	510.973329302	510.973329302	5527.697	5527.697	5531.250	5531.250	-82.20	0.0000	0.000	5531.250	510.9760	FI				
96	Spectrogram 1	1	511.222031755	511.222031755	17492.711	17492.711	17531.250	17531.250	-78.69	0.0000	0.000	17531.250	511.2213	FF				
97	Spectrogram 1	1	516.453233735	516.707227730	5597.668	22250.729	5625.000	9093.750	-81.47	0.2540	16653.061	5625.000	516.5600		NA	A	0	SB
98	Spectrogram 1	1	516.462052971	516.462052971	6227.405	6227.405	6187.500	6187.500	-81.76	0.0000	0.000	6187.500	516.4640	FI				
99	Spectrogram 1	1	516.701936188	516.701936188	21760.933	21760.933	21750.000	21750.000	-87.31	0.0000	0.000	21750.000	516.7040	FF				
100	Spectrogram 1	1	533.700042831	534.105727685	10285.714	19381.924	15468.750	14343.750	-81.97	0.4057	9096.210	15468.750	533.9307		SA	A	0	SB
101	Spectrogram 1	1	533.710625914	533.710625914	10705.539	10705.539	10687.500	10687.500	-80.34	0.0000	0.000	10687.500	533.7120	FI				
102	Spectrogram 1	1	534.098672296	534.098672296	18752.187	18752.187	18750.000	18750.000	-84.82	0.0000	0.000	18750.000	534.1013	FF				
103	Spectrogram 1	1	548.631803653	549.030433118	6017.493	20571.429	9093.750	9375.000	-83.85	0.3986	14553.936	9093.750	548.7573		SA	A	0	SB
104	Spectrogram 1	1	548.635331347	548.635331347	6437.318	6437.318	6468.750	6468.750	-91.82	0.0000	0.000	6468.750	548.6347	FI				
105	Spectrogram 1	1	549.023377729	549.023377729	20221.574	20221.574	20250.000	20250.000	-99.62	0.0000	0.000	20250.000	549.0240	FF				
106	Spectrogram 1	1	560.875145509	561.323162696	7137.026	20921.283	13781.250	13593.750	-79.73	0.4480	13784.257	13781.250	561.1787		SA	A	0	SB
107	Spectrogram 1	1	560.878673204	560.878673204	8046.647	8046.647	8062.500	8062.500	-82.52	0.0000	0.000	8062.500	560.8800	FI				
108	Spectrogram 1	1	561.314343460	561.314343460	20291.545	20291.545	20250.000	20250.000	-86.32	0.0000	0.000	20250.000	561.3120	FF				
109	Spectrogram 1	1	568.205048879	568.633663747	7486.880	20221.574	13875.000	13406.250	-79.69	0.4286	12734.694	13875.000	568.4907		SA	A	0	SB
110	Spectrogram 1	1	568.220923504	568.220923504	8046.647	8046.647	8062.500	8062.500	-95.68	0.0000	0.000	8062.500	568.2187	FI				
111	Spectrogram 1	1	568.626608358	568.626608358	19661.808	19661.808	19687.500	19687.500	-82.06	0.0000	0.000	19687.500	568.6240	FF				
112	Spectrogram 1	1	569.548435278	569.892385480	8256.560	21271.137	12937.500	13031.250	-79.19	0.3440	13014.577	12937.500	569.6747		SA	A	0	SB
113	Spectrogram 1	1	569.557254514	569.557254514	8676.385	8676.385	8718.750	8718.750	-79.43	0.0000	0.000	8718.750	569.5573	FI				
114	Spectrogram 1	1	569.883566244	569.883566244	20641.399	20641.399	20625.000	20625.000	-86.26	0.0000	0.000	20625.000	569.8827	FF				
115	Spectrogram 1	1	570.917689514	571.298680507	7486.880	22110.787	13218.750	13687.500	-82.25	0.3810	14623.907	13218.750	571.1520		SA	A	0	SB
116	Spectrogram 1	1	570.930036444	570.930036444	7976.676	7976.676	7968.750	7968.750	-88.18	0.0000	0.000	7968.750	570.9280	FI				
117	Spectrogram 1	1	571.295152812	571.295152812	21061.224	21061.224	21093.750	21093.750	-96.24	0.0000	0.000	21093.750	571.2960	FF				
118	Spectrogram 1	1	573.140184563	573.581146361	7067.055	21061.224	13125.000	12562.500	-82.93	0.4410	13994.169	13125.000	573.3813		SA	A	0	SB
119	Spectrogram 1	1	573.152531494	573.152531494	7626.822	7626.822	7593.750	7593.750	-90.63	0.0000	0.000	7593.750	573.1520	FI				
120	Spectrogram 1	1	573.565271736	573.565271736	20641.399	20641.399	20625.000	20625.000	-81.38	0.0000	0.000	20625.000	573.5627	FF				
121	Spectrogram 1	1	592.958400615	593.450513981	7906.706	20151.603	13593.750	14062.500	-83.71	0.4921	12244.898	13593.750	593.2427		SA	A	0	SB
122	Spectrogram 1	1	592.970747545	592.970747545	8326.531	8326.531	8343.750	8343.750	-88.73	0.0000	0.000	8343.750	592.9707	FI				
123	Spectrogram 1	1	593.443458592	593.443458592	19661.808	19661.808	19687.500	19687.500	-84.87	0.0000	0.000	19687.500	593.4453	FF				
124	Spectrogram 1	1	594.574990360	594.947162117	7137.026	21900.875	13781.250	13218.750	-83.68	0.3722	14763.848	13781.250	594.7733		SA	A	0	SB
125	Spectrogram 1	1	594.592628832	594.592628832	7626.822	7626.822	7593.750	7593.750	-83.35	0.0000	0.000	7593.750	594.5920	FI				
126	Spectrogram 1	1	594.934815187	594.934815187	21061.224	21061.224	21093.750	21093.750	-86.48	0.0000	0.000	21093.750	594.9333	FF				
127	Spectrogram 1	1	603.654736573	604.063949121	12874.636	18402.332	13312.500	15000.000	-81.04	0.4092	5527.697	13312.500	603.7173		NA	A	0	SB
128	Spectrogram 1	1	603.672375044	603.672375044	13084.548	13084.548	13125.000	13125.000	-88.34	0.0000	0.000	13125.000	603.6747	FI				
129	Spectrogram 1	1	604.058657579	604.058657579	17982.507	17982.507	18000.000	18000.000	-68.60	0.0000	0.000	18000.000	604.0587	FF				
130	Spectrogram 1	1	603.178497831	603.457185687	7206.997	20431.487	18000.000	13781.250	-85.57	0.2787	13224.490	18000.000	603.3760		SA	A	0	SB
131	Spectrogram 1	1	603.183789373	603.183789373	7766.764	7766.764	7781.250	7781.250	-84.88	0.0000	0.000	7781.250	603.1840	FI				
132	Spectrogram 1	1	603.453657993	603.453657993	20011.662	20011.662	19968.750	19968.750	-75.27	0.0000	0.000	19968.750	603.4560	FF				
133	Spectrogram 1	1	604.406135476	604.794181857	12314.869	20641.399	12843.750	15562.500	-84.41	0.3880	8326.531	12843.750	604.5120		NA	A	0	SB
134	Spectrogram 1	1	604.411427017	604.411427017	12874.636	12874.636	12843.750	12843.750	-75.99	0.0000	0.000	12843.750	604.4107	FI				
135	Spectrogram 1	1	604.788890316	604.788890316	20221.574	20221.574	20250.000	20250.000	-87.50	0.0000	0.000	20250.000	604.7893	FF				
136	Spectrogram 1	1	648.752199080	649.210799349	13014.577	19241.983	15750.000	15375.000	-83.12	0.4586	6227.405	15750.000	648.9707		SA	A	0	SB
137	Spectrogram 1	1	648.768073704	648.768073704	13224.490	13224.490	13218.750	13218.750	-78.73	0.0000	0.000	13218.750	648.7680	FI				
138	Spectrogram 1	1	649.207271655	649.207271655	18682.216	18682.216	18656.250	18656.250	-74.80	0.0000	0.000	18656.250	649.2053	FF				
139	Spectrogram 1	1	649.895172059	650.344953092	13434.402	20151.603	17625.000	16875.000	-82.82	0.4498	6717.201	17625.000	650.2613		SA	A	0	SB
140	Spectrogram 1	1	649.911046684	649.911046684	13854.227	13854.227	13875.000	13875.000	-74.19	0.0000	0.000	13875.000	649.9093	FI				
141	Spectrogram 1	1	650.339661551	650.339661551	19381.924	19381.924	19406.250	19406.250	-90.51	0.0000	0.000	19406.250	650.3413	FF				
142	Spectrogram 1	1	654.648438514	655.119385714	13714.286	20431.487	14062.500	16031.250	-82.55	0.4709	6717.201	14062.500	654.8640		NA	A	0	SB
143	Spectrogram 1	1	654.662549291	654.662549291	13854.227	13854.227	13875.000	13875.000	-77.24	0.0000	0.000	13875.000	654.6613	FI				
144	Spectrogram 1	1	655.114094172	655.114094172	19871.720	19871.720	19875.000	19875.000	-78.23	0.0000	0.000	19875.000	655.1147	FF				
145	Spectrogram 1	1	652.184500333	652.440258176	7416.910	17282.799	9937.500	12281.250	-82.76	0.2558	9865.889	9937.500	652.2187		NA	A	0	SB
146	Spectrogram 1	1	652.195083417	652.195083417	7766.764	7766.764	7781.250	7781.250	-81.11	0.0000	0.000	7781.250	652.1973	FI				
147	Spectrogram 1	1	652.433202787	652.433202787	17002.915	17002.915	16968.750	16968.750	-77.28	0.0000	0.000	16968.750	652.4320	FF				
148	Spectrogram 1	1	658.868750545	659.348516981	14413.994	19941.691	15843.750	15843.750	-81.23	0.4798	5527.697	15843.750	659.1093		SA	A	0	SB
149	Spectrogram 1	1	658.877569781	658.877569781	14973.761	14973.761	15000.000	15000.000	-72.57	0.0000	0.000	15000.000	658.8800	FI				
150	Spectrogram 1	1	659.346753134	659.346753134	19591.837	19591.837	19593.750	19593.750	-85.65	0.0000	0.000	19593.750	659.3493	FF				
151	Spectrogram 1	1	659.150966096	659.531957089	6157.434	18892.128	17437.500	13593.750	-83.64	0.3810	12734.694	17437.500	659.3120		NA	A	0	SB
152	Spectrogram 1	1	659.163313026	659.163313026	7067.055	7067.055	7031.250	7031.250	-82.94	0.0000	0.000	7031.250	659.1627	FI				
153	Spectrogram 1	1	659.517846311	659.517846311	18542.274	18542.274	18562.500	18562.500	-78.78	0.0000	0.000	18562.500	659.5200	FF				
154	Spectrogram 1	1	659.779470205	660.111073477	13224.490	18332.362	15281.250	15093.750	-83.43	0.3316	5107.872	15281.250	660.0053		SA	A	0	SB
155	Spectrogram 1	1	659.790053288	659.790053288	13434.402	13434.402	13406.250	13406.250	-78.43	0.0000	0.000	13406.250	659.7920	FI				
156	Spectrogram 1	1	660.098726546	660.098726546	17912.536	17912.536	17906.250	17906.250	-82.04	0.0000	0.000	17906.250	660.1013	FF				
157	Spectrogram 1	1	661.381420197	661.785341204	13854.227	20221.574	14812.500	15375.000	-80.93	0.4039	6367.347	14812.500	661.5307		SA	A	0	SB
158	Spectrogram 1	1	661.388475586	661.388475586	14833.819	14833.819	14812.500	14812.500	-71.25	0.0000	0.000	14812.500	661.3867	FI				
159	Spectrogram 1	1	661.780049662	661.780049662	19941.691	19941.691	19968.750	19968.750	-77.11	0.0000	0.000	19968.750	661.7813	FF				
160	Spectrogram 1	1	666.637118956	667.048095351	13294.461	20711.370	17812.500	16312.500	-80.47	0.4110	7416.910	17812.500	666.9653		SA	A	0	SB
161	Spectrogram 1	1	666.645938192	666.645938192	13784.257	13784.257	13781.250	13781.250	-71.76	0.0000	0.000	13781.250	666.6453	FI				
162	Spectrogram 1	1	667.042803810	667.042803810	20151.603	20151.603	20156.250	20156.250	-87.54	0.0000	0.000	20156.250	667.0453	FF				
163	Spectrogram 1	1	672.383034476	672.674069263	9166.181	20221.574	12562.500	14343.750	-83.64	0.2910	11055.394	12562.500	672.4853		SA	A	0	SB
164	Spectrogram 1	1	672.395381407	672.395381407	9516.035	9516.035	9562.500	9562.500	-76.26	0.0000	0.000	9562.500	672.3947	FI				
165	Spectrogram 1	1	672.667013874	672.667013874	19941.691	19941.691	19968.750	19968.750	-77.20	0.0000	0.000	19968.750	672.6667	FF				
166	Spectrogram 1	1	681.607286142	681.968874816	8746.356	19032.070	18281.250	12843.750	-80.91	0.3616	10285.714	18281.250	681.9573		SA	A	0	SB
167	Spectrogram 1	1	681.617869225	681.617869225	9096.210	9096.210	9093.750	9093.750	-76.05	0.0000	0.000	9093.750	681.6160	FI				
168	Spectrogram 1	1	681.961819428	681.961819428	18542.274	18542.274	18562.500	18562.500	-71.30	0.0000	0.000	18562.500	681.9627	FF				
169	Spectrogram 1	1	687.171788176	687.570417641	9655.977	19591.837	11343.750	13968.750	-83.89	0.3986	9935.860	11343.750	687.2320		SA	A	0	SB
170	Spectrogram 1	1	687.184135107	687.184135107	10355.685	10355.685	10312.500	10312.500	-71.95	0.0000	0.000	10312.500	687.1840	FI				
171	Spectrogram 1	1	687.559834558	687.559834558	19032.070	19032.070	19031.250	19031.250	-78.63	0.0000	0.000	19031.250	687.5573	FF				
172	Spectrogram 1	1	689.061181623	689.433353380	8116.618	18612.245	11343.750	11906.250	-81.13	0.3722	10495.627	11343.750	689.2160		SA	A	0	SB
173	Spectrogram 1	1	689.077056248	689.077056248	8466.472	8466.472	8437.500	8437.500	-96.94	0.0000	0.000	8437.500	689.0773	FI				
174	Spectrogram 1	1	689.426297991	689.426297991	18542.274	18542.274	18562.500	18562.500	-92.27	0.0000	0.000	18562.500	689.4240	FF				
175	Spectrogram 1	1	690.240205877	690.487144484	7137.026	18612.245	10593.750	11718.750	-82.17	0.2469	11475.219	10593.750	690.3093		SA	A	0	SB
176	Spectrogram 1	1	690.247261266	690.247261266	7766.764	7766.764	7781.250	7781.250	-101.03	0.0000	0.000	7781.250	690.2453	FI				
177	Spectrogram 1	1	690.481852942	690.481852942	18192.420	18192.420	18187.500	18187.500	-79.35	0.0000	0.000	18187.500	690.4800	FF				
178	Spectrogram 1	1	689.525847765	689.719870956	7836.735	18332.362	16031.250	13875.000	-84.74	0.1940	10495.627	16031.250	689.6800		SA	A	0	SB
179	Spectrogram 1	1	689.531139307	689.531139307	8326.531	8326.531	8343.750	8343.750	-77.66	0.0000	0.000	8343.750	689.5307	FI				
180	Spectrogram 1	1	689.712815568	689.712815568	17842.566	17842.566	17812.500	17812.500	-85.98	0.0000	0.000	17812.500	689.7120	FF				
181	Spectrogram 1	1	691.737689926	692.116917072	7626.822	18752.187	10875.000	11906.250	-82.73	0.3792	11125.364	10875.000	691.8880		SA	A	0	SB
182	Spectrogram 1	1	691.746509162	691.746509162	7836.735	7836.735	7875.000	7875.000	-74.24	0.0000	0.000	7875.000	691.7440	FI				
183	Spectrogram 1	1	692.108097836	692.108097836	18542.274	18542.274	18562.500	18562.500	-75.40	0.0000	0.000	18562.500	692.1067	FF				
184	Spectrogram 1	1	703.752458389	704.144032466	7556.851	19241.983	14343.750	12843.750	-81.60	0.3916	11685.131	14343.750	704.0267		SA	A	0	SB
185	Spectrogram 1	1	703.761277625	703.761277625	7696.793	7696.793	7687.500	7687.500	-86.41	0.0000	0.000	7687.500	703.7600	FI				
186	Spectrogram 1	1	704.136977077	704.136977077	18682.216	18682.216	18656.250	18656.250	-94.14	0.0000	0.000	18656.250	704.1387	FF				
187	Spectrogram 1	1	713.660815879	713.983599914	8886.297	17842.566	10593.750	12281.250	-84.51	0.3228	8956.268	10593.750	713.7280		SA	A	0	SB
188	Spectrogram 1	1	713.667871267	713.667871267	9376.093	9376.093	9375.000	9375.000	-83.12	0.0000	0.000	9375.000	713.6693	FI				
189	Spectrogram 1	1	713.969489137	713.969489137	17772.595	17772.595	17812.500	17812.500	-80.12	0.0000	0.000	17812.500	713.9680	FF				
190	Spectrogram 1	1	714.316639936	714.639423972	7137.026	21271.137	10312.500	11718.750	-82.02	0.3228	14134.111	10312.500	714.4160		SA	A	0	SB
191	Spectrogram 1	1	714.330750714	714.330750714	7626.822	7626.822	7593.750	7593.750	-87.40	0.0000	0.000	7593.750	714.3307	FI				
192	Spectrogram 1	1	714.634132431	714.634132431	20501.458	20501.458	20531.250	20531.250	-77.85	0.0000	0.000	20531.250	714.6347	FF				
193	Spectrogram 1	1	726.659551041	726.915308884	6857.143	18262.391	10125.000	11437.500	-80.28	0.2558	11405.248	10125.000	726.7520		SA	A	0	SB
194	Spectrogram 1	1	726.671897971	726.671897971	7206.997	7206.997	7218.750	7218.750	-77.96	0.0000	0.000	7218.750	726.6720	FI				
195	Spectrogram 1	1	726.911781189	726.911781189	17982.507	17982.507	18000.000	18000.000	-76.84	0.0000	0.000	18000.000	726.9120	FF				
196	Spectrogram 1	1	855.675037085	855.937850317	7906.706	17632.653	14156.250	12000.000	-79.10	0.2628	9725.948	14156.250	855.8453		SA	A	0	SB
197	Spectrogram 1	1	855.687384016	855.687384016	8326.531	8326.531	8343.750	8343.750	-69.92	0.0000	0.000	8343.750	855.6853	FI				
198	Spectrogram 1	1	855.927267234	855.927267234	17212.828	17212.828	17250.000	17250.000	-71.53	0.0000	0.000	17250.000	855.9253	FF				
199	Spectrogram 1	1	843.072133177	843.359640269	7766.764	16862.974	13875.000	12562.500	-82.36	0.2875	9096.210	13875.000	843.2747		SA	A	0	SB
200	Spectrogram 1	1	843.088007801	843.088007801	8326.531	8326.531	8343.750	8343.750	-75.92	0.0000	0.000	8343.750	843.0880	FI				
201	Spectrogram 1	1	843.357876421	843.357876421	16443.149	16443.149	16406.250	16406.250	-81.76	0.0000	0.000	16406.250	843.3600	FF				
202	Spectrogram 1	1	840.958334234	841.364019088	11335.277	19102.041	15375.000	15375.000	-80.37	0.4057	7766.764	15375.000	841.2853		NA	A	0	SB
203	Spectrogram 1	1	840.965389623	840.965389623	12244.898	12244.898	12281.250	12281.250	-83.20	0.0000	0.000	12281.250	840.9653	FI				
204	Spectrogram 1	1	841.355199852	841.355199852	18892.128	18892.128	18937.500	18937.500	-77.38	0.0000	0.000	18937.500	841.3547	FF				
205	Spectrogram 1	1	957.296013470	957.759905281	14064.140	20151.603	18656.250	17531.250	-83.05	0.4639	6087.464	18656.250	957.6587		SA	A	0	SB
206	Spectrogram 1	1	957.322471178	957.322471178	14553.936	14553.936	14531.250	14531.250	-73.86	0.0000	0.000	14531.250	957.3227	FI				
207	Spectrogram 1	1	957.751086045	957.751086045	19801.749	19801.749	19781.250	19781.250	-83.45	0.0000	0.000	19781.250	957.7493	FF				
208	Spectrogram 1	1	958.981762459	959.382155772	13434.402	20151.603	16406.250	16406.250	-82.77	0.4004	6717.201	16406.250	959.1840		SA	A	0	SB
209	Spectrogram 1	1	959.001164778	959.001164778	13994.169	13994.169	13968.750	13968.750	-80.87	0.0000	0.000	13968.750	959.0027	FI				
210	Spectrogram 1	1	959.369808841	959.369808841	19941.691	19941.691	19968.750	19968.750	-81.53	0.0000	0.000	19968.750	959.3707	FF				
211	Spectrogram 1	1	991.900609424	992.233976543	8886.297	16093.294	10968.750	10593.750	-83.62	0.3334	7206.997	10968.750	992.1440		SA	A	0	SB
212	Spectrogram 1	1	991.907664813	991.907664813	9026.239	9026.239	9000.000	9000.000	-76.07	0.0000	0.000	9000.000	991.9093	FI				
213	Spectrogram 1	1	992.226921155	992.226921155	15393.586	15393.586	15375.000	15375.000	-79.40	0.0000	0.000	15375.000	992.2293	FF				
214	Spectrogram 1	1	992.724326062	993.084150889	13434.402	22810.496	14250.000	16875.000	-88.92	0.3598	9376.093	14250.000	992.7573		SA	A	0	SB
215	Spectrogram 1	1	992.734909145	992.734909145	13784.257	13784.257	13781.250	13781.250	-89.73	0.0000	0.000	13781.250	992.7360	FI				
216	Spectrogram 1	1	993.077095500	993.077095500	22600.583	22600.583	22593.750	22593.750	-89.22	0.0000	0.000	22593.750	993.0773	FF				
217	Spectrogram 1	1	1087.742935920	1088.062192261	5107.872	16932.945	9562.500	11343.750	-80.99	0.3193	11825.073	9562.500	1087.8293		SA	A	0	SB
218	Spectrogram 1	1	1087.751755156	1087.751755156	5667.638	5667.638	5625.000	5625.000	-91.85	0.0000	0.000	5625.000	1087.7493	FI				
219	Spectrogram 1	1	1088.053373025	1088.053373025	16862.974	16862.974	16875.000	16875.000	-76.76	0.0000	0.000	16875.000	1088.0533	FF				
220	Spectrogram 1	1	1096.352335770	1096.699813666	8046.647	22040.816	16593.750	14062.500	-80.67	0.3475	13994.169	16593.750	1096.5973		SA	A	0	SB
221	Spectrogram 1	1	1096.362918853	1096.362918853	8466.472	8466.472	8437.500	8437.500	-69.76	0.0000	0.000	8437.500	1096.3627	FI				
222	Spectrogram 1	1	1096.690994430	1096.690994430	21830.904	21830.904	21843.750	21843.750	-81.87	0.0000	0.000	21843.750	1096.6933	FF				
223	Spectrogram 1	1	1099.766269069	1100.020263064	7976.676	17352.770	12375.000	12187.500	-80.44	0.2540	9376.093	12375.000	1099.9040		SA	A	0	SB
224	Spectrogram 1	1	1099.776852152	1099.776852152	8466.472	8466.472	8437.500	8437.500	-73.71	0.0000	0.000	8437.500	1099.7760	FI				
225	Spectrogram 1	1	1100.020263064	1100.020263064	17002.915	17002.915	16968.750	16968.750	-74.29	0.0000	0.000	16968.750	1100.0213	FF				
226	Spectrogram 1	1	1097.038992108	1097.273583785	7486.880	18052.478	10125.000	11812.500	-82.23	0.2346	10565.598	10125.000	1097.1040		SA	A	0	SB
227	Spectrogram 1	1	1097.047811344	1097.047811344	7836.735	7836.735	7875.000	7875.000	-78.97	0.0000	0.000	7875.000	1097.0453	FI				
228	Spectrogram 1	1	1097.270056090	1097.270056090	17282.799	17282.799	17250.000	17250.000	-75.09	0.0000	0.000	17250.000	1097.2693	FF				
229	Spectrogram 1	1	1099.165065434	1099.595444149	14413.994	20221.574	16968.750	16968.750	-80.25	0.4304	5807.580	16968.750	1099.5200		NA	A	0	SB
230	Spectrogram 1	1	1099.189759295	1099.189759295	14693.878	14693.878	14718.750	14718.750	-87.60	0.0000	0.000	14718.750	1099.1893	FI				
231	Spectrogram 1	1	1099.586624913	1099.586624913	20081.633	20081.633	20062.500	20062.500	-81.53	0.0000	0.000	20062.500	1099.5840	FF				
232	Spectrogram 1	1	1126.290780391	1126.721159105	6717.201	15813.411	8437.500	11718.750	-84.48	0.4304	9096.210	8437.500	1126.3520		SA	A	0	SB
233	Spectrogram 1	1	1126.301363474	1126.301363474	7276.968	7276.968	7312.500	7312.500	-84.68	0.0000	0.000	7312.500	1126.3040	FI				
234	Spectrogram 1	1	1126.717631411	1126.717631411	15183.673	15183.673	15187.500	15187.500	-87.86	0.0000	0.000	15187.500	1126.7200	FF				
235	Spectrogram 1	1	1133.110074078	1133.591604361	14204.082	19941.691	14718.750	15843.750	-82.87	0.4815	5737.609	14718.750	1133.2107		SA	A	0	SB
236	Spectrogram 1	1	1133.124184856	1133.124184856	14553.936	14553.936	14531.250	14531.250	-70.76	0.0000	0.000	14531.250	1133.1253	FI				
237	Spectrogram 1	1	1133.584548972	1133.584548972	19381.924	19381.924	19406.250	19406.250	-84.80	0.0000	0.000	19406.250	1133.5840	FF				
238	Spectrogram 1	1	1130.034284857	1130.286515005	6787.172	12734.694	10593.750	10218.750	-78.38	0.2522	5947.522	10593.750	1130.1653		SA	A	0	SB
239	Spectrogram 1	1	1130.044867940	1130.044867940	7346.939	7346.939	7312.500	7312.500	-77.02	0.0000	0.000	7312.500	1130.0427	FI				
240	Spectrogram 1	1	1130.274168075	1130.274168075	12454.810	12454.810	12468.750	12468.750	-89.00	0.0000	0.000	12468.750	1130.2720	FF				
241	Spectrogram 1	1	1136.213248658	1136.754749745	13784.257	20361.516	16218.750	16500.000	-85.30	0.5415	6577.259	16218.750	1136.4853		SA	A	0	SB
242	Spectrogram 1	1	1136.223831741	1136.223831741	13854.227	13854.227	13875.000	13875.000	-89.90	0.0000	0.000	13875.000	1136.2240	FI				
243	Spectrogram 1	1	1136.749458203	1136.749458203	19311.953	19311.953	19312.500	19312.500	-89.86	0.0000	0.000	19312.500	1136.7520	FF				
244	Spectrogram 1	1	1150.255879030	1150.539858428	8676.385	14134.111	10312.500	10500.000	-82.24	0.2840	5457.726	10312.500	1150.3680		SA	A	0	SB
245	Spectrogram 1	1	1150.261170572	1150.261170572	9026.239	9026.239	9000.000	9000.000	-70.30	0.0000	0.000	9000.000	1150.2613	FI				
246	Spectrogram 1	1	1150.531039192	1150.531039192	13644.315	13644.315	13687.500	13687.500	-84.27	0.0000	0.000	13687.500	1150.5333	FF				
247	Spectrogram 1	1	1161.046095792	1161.342422120	9306.122	19172.012	9937.500	13312.500	-82.08	0.2963	9865.889	9937.500	1161.0613		SA	A	0	SB
248	Spectrogram 1	1	1161.051387333	1161.051387333	9795.918	9795.918	9750.000	9750.000	-71.10	0.0000	0.000	9750.000	1161.0507	FI				
249	Spectrogram 1	1	1161.333602884	1161.333602884	18472.303	18472.303	18468.750	18468.750	-79.11	0.0000	0.000	18468.750	1161.3333	FF				
250	Spectrogram 1	1	1169.142671852	1169.562467483	8046.647	22600.583	10500.000	10968.750	-81.98	0.4198	14553.936	10500.000	1169.3120		SA	A	0	SB
251	Spectrogram 1	1	1169.147963394	1169.147963394	8466.472	8466.472	8437.500	8437.500	-81.46	0.0000	0.000	8437.500	1169.1467	FI				
252	Spectrogram 1	1	1169.557175942	1169.557175942	22110.787	22110.787	22125.000	22125.000	-95.56	0.0000	0.000	22125.000	1169.5573	FF				
253	Spectrogram 1	1	1225.157021021	1225.405723475	7626.822	18472.303	13031.250	13031.250	-85.12	0.2487	10845.481	13031.250	1225.2640		SA	A	0	SB
254	Spectrogram 1	1	1225.165840257	1225.165840257	8326.531	8326.531	8343.750	8343.750	-84.75	0.0000	0.000	8343.750	1225.1680	FI				
255	Spectrogram 1	1	1225.400431934	1225.400431934	17842.566	17842.566	17812.500	17812.500	-89.03	0.0000	0.000	17812.500	1225.4027	FF				
256	Spectrogram 1	1	1223.204126335	1223.629213507	9096.210	24559.767	9375.000	12656.250	-83.61	0.4251	15463.557	9375.000	1223.4133		NA	A	0	SB
257	Spectrogram 1	1	1223.218237112	1223.218237112	9516.035	9516.035	9562.500	9562.500	-88.15	0.0000	0.000	9562.500	1223.2160	FI				
258	Spectrogram 1	1	1223.622158119	1223.622158119	24069.971	24069.971	24093.750	24093.750	-86.77	0.0000	0.000	24093.750	1223.6213	FF				
259	Spectrogram 1	1	1226.644656953	1226.951566364	6765.579	19370.920	16687.500	12750.000	-86.44	0.3069	12605.341	16687.500	1226.8427		SA	A	0	SB
260	Spectrogram 1	1	1226.657003883	1226.657003883	7406.528	7406.528	7406.250	7406.250	-79.20	0.0000	0.000	7406.250	1226.6560	FI				
261	Spectrogram 1	1	1226.942747128	1226.942747128	19086.053	19086.053	19125.000	19125.000	-77.82	0.0000	0.000	19125.000	1226.9440	FF				
262	Spectrogram 1	1	1235.042453980	1235.298211823	7264.095	16878.338	13031.250	12562.500	-83.21	0.2558	9614.243	13031.250	1235.2213		SA	A	0	SB
263	Spectrogram 1	1	1235.051273216	1235.051273216	7691.395	7691.395	7687.500	7687.500	-93.49	0.0000	0.000	7687.500	1235.0507	FI				
264	Spectrogram 1	1	1235.285864892	1235.285864892	16451.039	16451.039	16406.250	16406.250	-79.92	0.0000	0.000	16406.250	1235.2853	FF				
265	Spectrogram 1	1	1247.502148204	1247.733212186	6836.795	16379.822	11625.000	12281.250	-81.93	0.2311	9543.027	11625.000	1247.6160		SA	A	0	SB
266	Spectrogram 1	1	1247.510967440	1247.510967440	7264.095	7264.095	7218.750	7218.750	-86.28	0.0000	0.000	7218.750	1247.5093	FI				
267	Spectrogram 1	1	1247.726156797	1247.726156797	15952.522	15952.522	15937.500	15937.500	-76.18	0.0000	0.000	15937.500	1247.7280	FF				
268	Spectrogram 1	1	1248.299407134	1248.622191170	8047.478	19655.786	15656.250	12750.000	-82.21	0.3228	11608.309	15656.250	1248.4693		SA	A	0	SB
269	Spectrogram 1	1	1248.306462523	1248.306462523	8759.644	8759.644	8718.750	8718.750	-83.75	0.0000	0.000	8718.750	1248.3040	FI				
270	Spectrogram 1	1	1248.613371934	1248.613371934	19228.487	19228.487	19218.750	19218.750	-74.60	0.0000	0.000	19218.750	1248.6133	FF				
271	Spectrogram 1	1	1248.986846312	1249.325504973	7548.961	11821.958	9281.250	9187.500	-85.06	0.3387	4272.997	9281.250	1249.1520		SA	A	0	SB
272	Spectrogram 1	1	1248.997429395	1248.997429395	8118.694	8118.694	8156.250	8156.250	-78.39	0.0000	0.000	8156.250	1248.9973	FI				
273	Spectrogram 1	1	1249.309630348	1249.309630348	11252.226	11252.226	11250.000	11250.000	-91.27	0.0000	0.000	11250.000	1249.3120	FF				
274	Spectrogram 1	1	1277.491428546	1277.814212582	6480.712	21222.552	15375.000	13125.000	-83.74	0.3228	14741.840	15375.000	1277.7227		SA	A	0	SB
275	Spectrogram 1	1	1277.502011629	1277.502011629	7192.878	7192.878	7218.750	7218.750	-88.07	0.0000	0.000	7218.750	1277.5040	FI				
276	Spectrogram 1	1	1277.808921040	1277.808921040	20367.953	20367.953	20343.750	20343.750	-89.94	0.0000	0.000	20343.750	1277.8080	FF				
277	Spectrogram 1	1	1297.908482660	1298.238322084	9115.727	20154.303	15562.500	14343.750	-83.78	0.3298	11038.576	15562.500	1298.0693		SA	A	0	SB
278	Spectrogram 1	1	1297.924357285	1297.924357285	9614.243	9614.243	9656.250	9656.250	-99.96	0.0000	0.000	9656.250	1297.9253	FI				
279	Spectrogram 1	1	1298.227739001	1298.227739001	19442.136	19442.136	19406.250	19406.250	-81.48	0.0000	0.000	19406.250	1298.2293	FF				
280	Spectrogram 1	1	1371.360337615	1371.852450981	13602.374	21863.501	15937.500	16218.750	-82.29	0.4921	8261.128	15937.500	1371.5787		SA	A	0	SB
281	Spectrogram 1	1	1371.370920698	1371.370920698	14385.757	14385.757	14343.750	14343.750	-73.85	0.0000	0.000	14343.750	1371.3707	FI				
282	Spectrogram 1	1	1371.843631745	1371.843631745	21507.418	21507.418	21468.750	21468.750	-82.24	0.0000	0.000	21468.750	1371.8453	FF				
283	Spectrogram 1	1	1375.764560778	1376.261965686	13459.941	21293.769	15562.500	15656.250	-77.90	0.4974	7833.828	15562.500	1375.9627		SA	A	0	SB
284	Spectrogram 1	1	1375.776907708	1375.776907708	14670.623	14670.623	14625.000	14625.000	-81.83	0.0000	0.000	14625.000	1375.7760	FI				
285	Spectrogram 1	1	1376.256674144	1376.256674144	21293.769	21293.769	21281.250	21281.250	-81.84	0.0000	0.000	21281.250	1376.2560	FF				
286	Spectrogram 1	1	1402.104254082	1402.603422837	13317.507	20510.386	16312.500	15843.750	-81.97	0.4992	7192.878	16312.500	1402.3627		SA	A	0	SB
287	Spectrogram 1	1	1402.113073318	1402.113073318	13958.457	13958.457	13968.750	13968.750	-78.47	0.0000	0.000	13968.750	1402.1120	FI				
288	Spectrogram 1	1	1402.596367448	1402.596367448	20296.736	20296.736	20250.000	20250.000	-76.54	0.0000	0.000	20250.000	1402.5973	FF				
289	Spectrogram 1	1	1416.189496898	1416.678082570	13032.641	18801.187	15843.750	15656.250	-82.74	0.4886	5768.546	15843.750	1416.4960		SA	A	0	SB
290	Spectrogram 1	1	1416.200079981	1416.200079981	13388.724	13388.724	13406.250	13406.250	-79.25	0.0000	0.000	13406.250	1416.2027	FI				
291	Spectrogram 1	1	1416.669263334	1416.669263334	18658.754	18658.754	18656.250	18656.250	-82.94	0.0000	0.000	18656.250	1416.6667	FF				
292	Spectrogram 1	1	1416.971786922	1417.310445582	7976.261	18231.454	13031.250	11906.250	-82.15	0.3387	10255.193	13031.250	1417.1947		SA	A	0	SB
293	Spectrogram 1	1	1416.977078463	1416.977078463	8403.561	8403.561	8437.500	8437.500	-91.04	0.0000	0.000	8437.500	1416.9760	FI				
294	Spectrogram 1	1	1417.299862499	1417.299862499	17875.371	17875.371	17906.250	17906.250	-78.10	0.0000	0.000	17906.250	1417.3013	FF				
295	Spectrogram 1	1	1423.764247930	1424.244014366	13459.941	20367.953	17062.500	16687.500	-82.21	0.4798	6908.012	17062.500	1424.1067		SA	A	0	SB
296	Spectrogram 1	1	1423.781886402	1423.781886402	13744.807	13744.807	13781.250	13781.250	-78.04	0.0000	0.000	13781.250	1423.7813	FI				
297	Spectrogram 1	1	1424.233431283	1424.233431283	19655.786	19655.786	19687.500	19687.500	-74.60	0.0000	0.000	19687.500	1424.2347	FF				
298	Spectrogram 1	1	1427.057767429	1427.366440687	17661.721	21222.552	18937.500	19031.250	-84.08	0.3087	3560.831	18937.500	1427.2053		SA	A	0	SB
299	Spectrogram 1	1	1427.071878206	1427.071878206	17875.371	17875.371	17906.250	17906.250	-79.70	0.0000	0.000	17906.250	1427.0720	FI				
300	Spectrogram 1	1	1427.357621451	1427.357621451	20581.602	20581.602	20625.000	20625.000	-92.13	0.0000	0.000	20625.000	1427.3600	FF				
301	Spectrogram 1	1	1470.208688853	1470.686691442	4629.080	17376.855	11531.250	11062.500	-80.34	0.4780	12747.774	11531.250	1470.6080		SA	A	0	SB
302	Spectrogram 1	1	1470.219271937	1470.219271937	5270.030	5270.030	5250.000	5250.000	-86.40	0.0000	0.000	5250.000	1470.2187	FI				
303	Spectrogram 1	1	1470.672580664	1470.672580664	16878.338	16878.338	16875.000	16875.000	-82.06	0.0000	0.000	16875.000	1470.6720	FF				
304	Spectrogram 1	1	1502.707476042	1503.100813966	6267.062	16237.389	10968.750	10968.750	-80.75	0.3933	9970.326	10968.750	1502.9600		SA	A	0	SB
305	Spectrogram 1	1	1502.712767584	1502.712767584	7192.878	7192.878	7218.750	7218.750	-100.25	0.0000	0.000	7218.750	1502.7147	FI				
306	Spectrogram 1	1	1503.097286271	1503.097286271	15738.872	15738.872	15750.000	15750.000	-75.59	0.0000	0.000	15750.000	1503.0987	FF				
307	Spectrogram 1	1	1504.062555177	1504.445310018	8118.694	22148.368	11062.500	11625.000	-82.59	0.3828	14029.674	11062.500	1504.2827		SA	A	0	SB
308	Spectrogram 1	1	1504.073138260	1504.073138260	8617.211	8617.211	8625.000	8625.000	-73.34	0.0000	0.000	8625.000	1504.0747	FI				
309	Spectrogram 1	1	1504.443546170	1504.443546170	21436.202	21436.202	21468.750	21468.750	-81.02	0.0000	0.000	21468.750	1504.4427	FF				
310	Spectrogram 1	1	1506.625601380	1507.036577776	5910.979	20866.469	10406.250	10968.750	-79.99	0.4110	14955.490	10406.250	1506.8107		SA	A	0	SB
311	Spectrogram 1	1	1506.641476005	1506.641476005	6480.712	6480.712	6468.750	6468.750	-78.53	0.0000	0.000	6468.750	1506.6400	FI				
312	Spectrogram 1	1	1507.029522387	1507.029522387	19727.003	19727.003	19687.500	19687.500	-96.53	0.0000	0.000	19687.500	1507.0293	FF				
313	Spectrogram 1	1	1506.967787735	1507.389347214	8830.861	19370.920	12750.000	13031.250	-81.57	0.4216	10540.059	12750.000	1506.9813		NA	A	0	SB
314	Spectrogram 1	1	1506.976606971	1506.976606971	9044.510	9044.510	9000.000	9000.000	-77.35	0.0000	0.000	9000.000	1506.9760	FI				
315	Spectrogram 1	1	1507.380527978	1507.380527978	19014.837	19014.837	19031.250	19031.250	-79.89	0.0000	0.000	19031.250	1507.3813	FF				
316	Spectrogram 1	1	1507.297627160	1507.622175043	7620.178	17804.154	14718.750	13312.500	-84.33	0.3245	10183.976	14718.750	1507.5520		SA	A	0	SB
317	Spectrogram 1	1	1507.306446396	1507.306446396	7905.045	7905.045	7875.000	7875.000	-83.23	0.0000	0.000	7875.000	1507.3067	FI				
318	Spectrogram 1	1	1507.616883501	1507.616883501	17305.638	17305.638	17343.750	17343.750	-70.63	0.0000	0.000	17343.750	1507.6160	FF				
319	Spectrogram 1	1	1516.700093086	1517.144582578	8759.644	20154.303	10312.500	11906.250	-82.87	0.4445	11394.659	10312.500	1516.8533		SA	A	0	SB
320	Spectrogram 1	1	1516.712440016	1516.712440016	9115.727	9115.727	9093.750	9093.750	-66.71	0.0000	0.000	9093.750	1516.7147	FI				
321	Spectrogram 1	1	1517.135763342	1517.135763342	19655.786	19655.786	19687.500	19687.500	-85.58	0.0000	0.000	19687.500	1517.1360	FF				
322	Spectrogram 1	1	1515.407193095	1515.685880951	7548.961	19370.920	11531.250	11531.250	-81.58	0.2787	11821.958	11531.250	1515.5733		SA	A	0	SB
323	Spectrogram 1	1	1515.410720790	1515.410720790	7976.261	7976.261	7968.750	7968.750	-78.86	0.0000	0.000	7968.750	1515.4133	FI				
324	Spectrogram 1	1	1515.673534021	1515.673534021	18872.404	18872.404	18843.750	18843.750	-85.68	0.0000	0.000	18843.750	1515.6747	FF				
325	Spectrogram 1	1	1531.107728518	1531.465789497	8332.344	18658.754	15000.000	12375.000	-83.92	0.3581	10326.409	15000.000	1531.4080		SA	A	0	SB
326	Spectrogram 1	1	1531.120075448	1531.120075448	8902.077	8902.077	8906.250	8906.250	-74.46	0.0000	0.000	8906.250	1531.1200	FI				
327	Spectrogram 1	1	1531.460497956	1531.460497956	18373.887	18373.887	18375.000	18375.000	-87.65	0.0000	0.000	18375.000	1531.4613	FF				
328	Spectrogram 1	1	1532.778396688	1533.009460670	7264.095	18658.754	10593.750	12281.250	-86.90	0.2311	11394.659	10593.750	1532.8693		SA	A	0	SB
329	Spectrogram 1	1	1532.790743618	1532.790743618	7620.178	7620.178	7593.750	7593.750	-86.68	0.0000	0.000	7593.750	1532.7893	FI				
330	Spectrogram 1	1	1533.004169128	1533.004169128	18373.887	18373.887	18375.000	18375.000	-81.29	0.0000	0.000	18375.000	1533.0027	FF				
331	Spectrogram 1	1	1534.691955705	1534.995337422	8332.344	14599.407	11343.750	10968.750	-81.15	0.3034	6267.062	11343.750	1534.9120		SA	A	0	SB
332	Spectrogram 1	1	1534.702538788	1534.702538788	8396.501	8396.501	8437.500	8437.500	-78.26	0.0000	0.000	8437.500	1534.7040	FI				
333	Spectrogram 1	1	1534.984754339	1534.984754339	14483.965	14483.965	14437.500	14437.500	-79.60	0.0000	0.000	14437.500	1534.9867	FF				
334	Spectrogram 1	1	1535.420424595	1535.720278617	8116.618	16093.294	9656.250	10593.750	-82.40	0.2999	7976.676	9656.250	1535.5627		SA	A	0	SB
335	Spectrogram 1	1	1535.431007678	1535.431007678	8466.472	8466.472	8437.500	8437.500	-71.99	0.0000	0.000	8437.500	1535.4293	FI				
336	Spectrogram 1	1	1535.716750923	1535.716750923	15533.528	15533.528	15562.500	15562.500	-74.85	0.0000	0.000	15562.500	1535.7173	FF				
337	Spectrogram 1	1	1540.557421415	1540.933120866	7906.706	19451.895	13031.250	12937.500	-82.33	0.3757	11545.190	13031.250	1540.7093		SA	A	0	SB
338	Spectrogram 1	1	1540.560949109	1540.560949109	8466.472	8466.472	8437.500	8437.500	-82.01	0.0000	0.000	8437.500	1540.5600	FI				
339	Spectrogram 1	1	1540.924301630	1540.924301630	19172.012	19172.012	19218.750	19218.750	-77.03	0.0000	0.000	19218.750	1540.9227	FF				
340	Spectrogram 1	1	1541.412887302	1541.691575158	8466.472	18892.128	9000.000	10781.250	-81.39	0.2787	10425.656	9000.000	1541.5573		NA	A	0	SB
341	Spectrogram 1	1	1541.423470385	1541.423470385	8816.327	8816.327	8812.500	8812.500	-78.33	0.0000	0.000	8812.500	1541.4240	FI				
342	Spectrogram 1	1	1541.686283616	1541.686283616	18402.332	18402.332	18375.000	18375.000	-85.57	0.0000	0.000	18375.000	1541.6853	FF				
343	Spectrogram 1	1	1570.677933716	1571.028939307	14134.111	21061.224	15000.000	16406.250	-78.35	0.3510	6927.114	15000.000	1570.7253		SA	A	0	SB
344	Spectrogram 1	1	1570.692044494	1570.692044494	14693.878	14693.878	14718.750	14718.750	-75.22	0.0000	0.000	14718.750	1570.6933	FI				
345	Spectrogram 1	1	1571.025411613	1571.025411613	20641.399	20641.399	20625.000	20625.000	-82.40	0.0000	0.000	20625.000	1571.0240	FF				
346	Spectrogram 1	1	1585.418984141	1585.736476635	8116.618	15743.440	9375.000	10875.000	-82.89	0.3175	7626.822	9375.000	1585.5947		SA	A	0	SB
347	Spectrogram 1	1	1585.427803377	1585.427803377	8466.472	8466.472	8437.500	8437.500	-76.67	0.0000	0.000	8437.500	1585.4293	FI				
348	Spectrogram 1	1	1585.725893552	1585.725893552	15393.586	15393.586	15375.000	15375.000	-83.55	0.0000	0.000	15375.000	1585.7280	FF				
349	Spectrogram 1	1	1614.416252879	1614.814882344	8956.268	21481.050	15000.000	14437.500	-82.42	0.3986	12524.781	15000.000	1614.6400		SA	A	0	SB
350	Spectrogram 1	1	1614.425072115	1614.425072115	9516.035	9516.035	9562.500	9562.500	-82.37	0.0000	0.000	9562.500	1614.4267	FI				
351	Spectrogram 1	1	1614.800771567	1614.800771567	21061.224	21061.224	21093.750	21093.750	-79.25	0.0000	0.000	21093.750	1614.8000	FF				
352	Spectrogram 1	1	1620.025060510	1620.485424627	9516.035	19731.778	9656.250	13500.000	-82.02	0.4604	10215.743	9656.250	1620.4213		NA	A	0	SB
353	Spectrogram 1	1	1620.035643593	1620.035643593	10425.656	10425.656	10406.250	10406.250	-75.46	0.0000	0.000	10406.250	1620.0373	FI				
354	Spectrogram 1	1	1620.480133085	1620.480133085	19311.953	19311.953	19312.500	19312.500	-75.95	0.0000	0.000	19312.500	1620.4800	FF				
355	Spectrogram 1	1	1588.740736160	1589.047645571	7556.851	18822.157	12000.000	12562.500	-78.42	0.3069	11265.306	12000.000	1588.8960		SA	A	0	SB
356	Spectrogram 1	1	1588.749555396	1588.749555396	8116.618	8116.618	8156.250	8156.250	-69.41	0.0000	0.000	8156.250	1588.7520	FI				
357	Spectrogram 1	1	1589.044117877	1589.044117877	18472.303	18472.303	18468.750	18468.750	-78.20	0.0000	0.000	18468.750	1589.0453	FF				
358	Spectrogram 1	1	1589.624423603	1590.037163845	11265.306	18472.303	13312.500	13968.750	-84.03	0.4127	7206.997	13312.500	1589.7653		SA	A	0	SB
359	Spectrogram 1	1	1589.636770533	1589.636770533	11755.102	11755.102	11718.750	11718.750	-74.28	0.0000	0.000	11718.750	1589.6373	FI				
360	Spectrogram 1	1	1590.021289220	1590.021289220	17982.507	17982.507	18000.000	18000.000	-75.80	0.0000	0.000	18000.000	1590.0213	FF				
361	Spectrogram 1	1	1591.573522338	1591.864557124	7766.764	23720.117	15468.750	13968.750	-81.29	0.2910	15953.353	15468.750	1591.7493		SA	A	0	SB
362	Spectrogram 1	1	1591.582341574	1591.582341574	8326.531	8326.531	8343.750	8343.750	-72.28	0.0000	0.000	8343.750	1591.5840	FI				
363	Spectrogram 1	1	1591.859265583	1591.859265583	23020.408	23020.408	23062.500	23062.500	-74.21	0.0000	0.000	23062.500	1591.8613	FF				
364	Spectrogram 1	1	1625.863397869	1626.265555028	12454.810	19661.808	14250.000	14531.250	-84.68	0.4022	7206.997	14250.000	1626.0960		SA	A	0	SB
365	Spectrogram 1	1	1625.873980952	1625.873980952	12524.781	12524.781	12562.500	12562.500	-92.11	0.0000	0.000	12562.500	1625.8720	FI				
366	Spectrogram 1	1	1626.253208098	1626.253208098	19172.012	19172.012	19218.750	19218.750	-90.89	0.0000	0.000	19218.750	1626.2507	FF				
367	Spectrogram 1	1	1632.579032441	1632.838317978	12594.752	15393.586	13500.000	13500.000	-77.87	0.2593	2798.834	13500.000	1632.7093		SA	A	0	SB
368	Spectrogram 1	1	1632.593143218	1632.593143218	12804.665	12804.665	12843.750	12843.750	-72.29	0.0000	0.000	12843.750	1632.5920	FI				
369	Spectrogram 1	1	1632.829498742	1632.829498742	15183.673	15183.673	15187.500	15187.500	-80.44	0.0000	0.000	15187.500	1632.8320	FF				
370	Spectrogram 1	1	1634.532024445	1634.849516939	9096.210	14204.082	12750.000	11718.750	-83.66	0.3175	5107.872	12750.000	1634.7733		SA	A	0	SB
371	Spectrogram 1	1	1634.539079834	1634.539079834	9376.093	9376.093	9375.000	9375.000	-90.64	0.0000	0.000	9375.000	1634.5387	FI				
372	Spectrogram 1	1	1634.837170009	1634.837170009	13854.227	13854.227	13875.000	13875.000	-78.38	0.0000	0.000	13875.000	1634.8373	FF				
373	Spectrogram 1	1	1635.652067411	1635.951921433	6367.347	16793.003	12468.750	12562.500	-86.04	0.2999	10425.656	12468.750	1635.8293		SA	A	0	SB
374	Spectrogram 1	1	1635.662650494	1635.662650494	7067.055	7067.055	7031.250	7031.250	-88.21	0.0000	0.000	7031.250	1635.6640	FI				
375	Spectrogram 1	1	1635.941338350	1635.941338350	16443.149	16443.149	16406.250	16406.250	-77.35	0.0000	0.000	16406.250	1635.9413	FF				
376	Spectrogram 1	1	1636.409069591	1636.802407514	7137.026	14204.082	10312.500	10781.250	-84.17	0.3933	7067.055	10312.500	1636.5440		SA	A	0	SB
377	Spectrogram 1	1	1636.419652674	1636.419652674	7836.735	7836.735	7875.000	7875.000	-78.55	0.0000	0.000	7875.000	1636.4213	FI				
378	Spectrogram 1	1	1636.795352125	1636.795352125	13644.315	13644.315	13687.500	13687.500	-76.19	0.0000	0.000	13687.500	1636.7947	FF				
379	Spectrogram 1	1	1638.869946785	1639.259757014	8886.297	18612.245	13125.000	13218.750	-80.80	0.3898	9725.948	13125.000	1639.0933		SA	A	0	SB
380	Spectrogram 1	1	1638.884057563	1638.884057563	8886.297	8886.297	8906.250	8906.250	-78.61	0.0000	0.000	8906.250	1638.8853	FI				
381	Spectrogram 1	1	1639.254465473	1639.254465473	18262.391	18262.391	18281.250	18281.250	-94.37	0.0000	0.000	18281.250	1639.2533	FF				
382	Spectrogram 1	1	1666.910700160	1667.274052681	9586.006	16583.090	14812.500	14437.500	-80.44	0.3634	6997.085	14812.500	1667.1893		SA	A	0	SB
383	Spectrogram 1	1	1666.919519396	1666.919519396	10075.802	10075.802	10031.250	10031.250	-81.21	0.0000	0.000	10031.250	1666.9173	FI				
384	Spectrogram 1	1	1667.266997293	1667.266997293	16093.294	16093.294	16125.000	16125.000	-75.55	0.0000	0.000	16125.000	1667.2693	FF				
385	Spectrogram 1	1	1669.986036380	1670.312348110	8396.501	15813.411	9375.000	10406.250	-78.69	0.3263	7416.910	9375.000	1670.1333		SA	A	0	SB
386	Spectrogram 1	1	1669.996619463	1669.996619463	8676.385	8676.385	8718.750	8718.750	-92.46	0.0000	0.000	8718.750	1669.9947	FI				
387	Spectrogram 1	1	1670.307056569	1670.307056569	15463.557	15463.557	15468.750	15468.750	-84.01	0.0000	0.000	15468.750	1670.3093	FF				
388	Spectrogram 1	1	1670.727822241	1671.047078583	8186.589	15393.586	9000.000	10968.750	-79.34	0.3193	7206.997	9000.000	1670.7627		SA	A	0	SB
389	Spectrogram 1	1	1670.736641477	1670.736641477	8746.356	8746.356	8718.750	8718.750	-71.42	0.0000	0.000	8718.750	1670.7360	FI				
390	Spectrogram 1	1	1671.032967805	1671.032967805	15113.703	15113.703	15093.750	15093.750	-70.67	0.0000	0.000	15093.750	1671.0347	FF				
391	Spectrogram 1	1	1681.060939806	1681.390779231	14623.907	20151.603	17250.000	17062.500	-81.29	0.3298	5527.697	17250.000	1681.2640		SA	A	0	SB
392	Spectrogram 1	1	1681.071522889	1681.071522889	15183.673	15183.673	15187.500	15187.500	-70.17	0.0000	0.000	15187.500	1681.0720	FI				
393	Spectrogram 1	1	1681.383723842	1681.383723842	20011.662	20011.662	19968.750	19968.750	-84.92	0.0000	0.000	19968.750	1681.3813	FF				
394	Spectrogram 1	1	1682.456914524	1682.763823935	8746.356	16373.178	10406.250	10875.000	-77.03	0.3069	7626.822	10406.250	1682.5813		SA	A	0	SB
395	Spectrogram 1	1	1682.467497607	1682.467497607	9516.035	9516.035	9562.500	9562.500	-73.58	0.0000	0.000	9562.500	1682.4693	FI				
396	Spectrogram 1	1	1682.758532393	1682.758532393	16023.324	16023.324	16031.250	16031.250	-74.10	0.0000	0.000	16031.250	1682.7573	FF				
397	Spectrogram 1	1	1684.367079975	1684.741015580	14623.907	19241.983	15093.750	15750.000	-82.03	0.3739	4618.076	15093.750	1684.4480		SA	A	0	SB
398	Spectrogram 1	1	1684.381190753	1684.381190753	15603.499	15603.499	15562.500	15562.500	-86.55	0.0000	0.000	15562.500	1684.3787	FI				
399	Spectrogram 1	1	1684.737487885	1684.737487885	18752.187	18752.187	18750.000	18750.000	-81.58	0.0000	0.000	18750.000	1684.7360	FF				
400	Spectrogram 1	1	1684.919164146	1685.153755822	9096.210	15883.382	9843.750	11812.500	-80.67	0.2346	6787.172	9843.750	1685.0347		SA	A	0	SB
401	Spectrogram 1	1	1684.929747229	1684.929747229	9446.064	9446.064	9468.750	9468.750	-83.02	0.0000	0.000	9468.750	1684.9280	FI				
402	Spectrogram 1	1	1685.150228128	1685.150228128	15673.469	15673.469	15656.250	15656.250	-71.38	0.0000	0.000	15656.250	1685.1520	FF				
403	Spectrogram 1	1	1700.315845660	1700.726822055	7836.735	17282.799	10312.500	10968.750	-80.12	0.4110	9446.064	10312.500	1700.5387		SA	A	0	SB
404	Spectrogram 1	1	1700.335247979	1700.335247979	8396.501	8396.501	8437.500	8437.500	-69.51	0.0000	0.000	8437.500	1700.3360	FI				
405	Spectrogram 1	1	1700.719766666	1700.719766666	16233.236	16233.236	16218.750	16218.750	-80.22	0.0000	0.000	16218.750	1700.7200	FF				
406	Spectrogram 1	1	1698.766555848	1699.039952163	7766.764	21551.020	9562.500	14343.750	-86.42	0.2734	13784.257	9562.500	1698.8213		SA	A	0	SB
407	Spectrogram 1	1	1698.778902779	1698.778902779	8116.618	8116.618	8156.250	8156.250	-78.77	0.0000	0.000	8156.250	1698.7787	FI				
408	Spectrogram 1	1	1699.025841385	1699.025841385	21131.195	21131.195	21093.750	21093.750	-83.71	0.0000	0.000	21093.750	1699.0240	FF				
409	Spectrogram 1	1	1699.343333880	1699.648479443	8956.268	19102.041	14156.250	14343.750	-83.42	0.3051	10145.773	14156.250	1699.4720		SA	A	0	SB
410	Spectrogram 1	1	1699.359208504	1699.359208504	9446.064	9446.064	9468.750	9468.750	-75.94	0.0000	0.000	9468.750	1699.3600	FI				
411	Spectrogram 1	1	1699.639660207	1699.639660207	18752.187	18752.187	18750.000	18750.000	-76.78	0.0000	0.000	18750.000	1699.6373	FF				
412	Spectrogram 1	1	1705.199245387	1705.559070214	7416.910	15043.732	10218.750	10218.750	-79.73	0.3598	7626.822	10218.750	1705.3387		SA	A	0	SB
413	Spectrogram 1	1	1705.215120012	1705.215120012	7906.706	7906.706	7875.000	7875.000	-79.52	0.0000	0.000	7875.000	1705.2160	FI				
414	Spectrogram 1	1	1705.552014825	1705.552014825	14134.111	14134.111	14156.250	14156.250	-79.09	0.0000	0.000	14156.250	1705.5520	FF				
415	Spectrogram 1	1	1718.003683618	1718.411132319	7416.910	18052.478	8531.250	10968.750	-79.50	0.4074	10635.569	8531.250	1718.1920		NA	A	0	SB
416	Spectrogram 1	1	1718.014266701	1718.014266701	7836.735	7836.735	7875.000	7875.000	-72.19	0.0000	0.000	7875.000	1718.0160	FI				
417	Spectrogram 1	1	1718.402313083	1718.402313083	17492.711	17492.711	17531.250	17531.250	-78.25	0.0000	0.000	17531.250	1718.4000	F				
418	Spectrogram 1	1	1726.620535760	1726.955666726	9096.210	19311.953	9843.750	11156.250	-78.90	0.3351	10215.743	9843.750	1726.6773		SA	A	0	SB
419	Spectrogram 1	1	1726.629354996	1726.629354996	9236.152	9236.152	9281.250	9281.250	-68.28	0.0000	0.000	9281.250	1726.6293	FI				
420	Spectrogram 1	1	1726.946847490	1726.946847490	19032.070	19032.070	19031.250	19031.250	-76.63	0.0000	0.000	19031.250	1726.9493	FF				
421	Spectrogram 1	1	1746.522183661	1746.869661558	8396.501	25679.300	17625.000	15937.500	-84.08	0.3475	17282.799	17625.000	1746.7253		SA	A	0	SB
422	Spectrogram 1	1	1746.531002897	1746.531002897	9026.239	9026.239	9000.000	9000.000	-73.69	0.0000	0.000	9000.000	1746.5333	FI				
423	Spectrogram 1	1	1746.862606169	1746.862606169	25049.563	25049.563	25031.250	25031.250	-79.53	0.0000	0.000	25031.250	1746.8640	FF				
424	Spectrogram 1	1	1773.619140548	1773.982493069	7346.939	18892.128	15750.000	14343.750	-84.86	0.3634	11545.190	15750.000	1773.8400		SA	A	0	SB
425	Spectrogram 1	1	1773.627959784	1773.627959784	8816.327	8816.327	8812.500	8812.500	-74.71	0.0000	0.000	8812.500	1773.6267	FI				
426	Spectrogram 1	1	1773.977201528	1773.977201528	18542.274	18542.274	18562.500	18562.500	-72.41	0.0000	0.000	18562.500	1773.9787	FF				
