Selection	View	Channel	Begin Time (s)	End Time (s)	Low Freq (Hz)	High Freq (Hz)	Max Freq (Hz)	Center Freq (Hz)	Avg Power Density (dB FS)	Delta Time (s)	Delta Freq (Hz)	Peak Freq (Hz)	Peak Time (s)	observacoes	Pf_check	modulacao	PI	sobreposicao
1	Spectrogram 1	1	49.555568214	50.191760449	11294.1	14117.6	12656.250	12843.750	-93.06	0.6362	2823.529	12656.250	49.7867		SA	C	0	SB
2	Spectrogram 1	1	49.566171418	49.566171418	11807.5	11807.5	11812.500	11812.500	-89.33	0.0000	0.000	11812.500	49.5680	FI				
3	Spectrogram 1	1	50.183808046	50.183808046	11679.1	11679.1	11718.750	11718.750	-93.28	0.0000	0.000	11718.750	50.1813	FF				
4	Spectrogram 1	1	51.422357627	51.509834059	10010.7	25668.4	14156.250	14062.500	-88.52	0.0875	15657.754	14156.250	51.4613		SA	A	0	SB
5	Spectrogram 1	1	51.435611632	51.435611632	10652.4	10652.4	10687.500	10687.500	-73.81	0.0000	0.000	10687.500	51.4347	FI				
6	Spectrogram 1	1	51.504532457	51.504532457	25026.7	25026.7	25031.250	25031.250	-97.85	0.0000	0.000	25031.250	51.5040	FF				
7	Spectrogram 1	1	112.543723017	112.758437897	6417.1	18481.3	8250.000	10593.750	-83.77	0.2147	12064.171	8250.000	112.5760		SA	A	0	SB
8	Spectrogram 1	1	112.559627823	112.559627823	7572.2	7572.2	7593.750	7593.750	-72.21	0.0000	0.000	7593.750	112.5600	FI				
9	Spectrogram 1	1	112.753136295	112.753136295	17711.2	17711.2	17718.750	17718.750	-88.41	0.0000	0.000	17718.750	112.7520	FF				
10	Spectrogram 1	1	135.428790837	135.794601372	5647.1	18352.9	7968.750	10406.250	-82.85	0.3658	12705.882	7968.750	135.5307		SA	A	0	SB
11	Spectrogram 1	1	135.442044842	135.442044842	6288.8	6288.8	6281.250	6281.250	-91.42	0.0000	0.000	6281.250	135.4400	FI				
12	Spectrogram 1	1	135.783998168	135.783998168	17711.2	17711.2	17718.750	17718.750	-98.21	0.0000	0.000	17718.750	135.7867	FF				
13	Spectrogram 1	1	165.154484629	165.517644363	7187.2	21561.5	7593.750	11437.500	-88.41	0.3632	14374.332	7593.750	165.3547		NA	A	0	SB
14	Spectrogram 1	1	165.175691037	165.175691037	7443.9	7443.9	7406.250	7406.250	-103.09	0.0000	0.000	7406.250	165.1733	FI				
15	Spectrogram 1	1	165.507041159	165.507041159	21304.8	21304.8	21281.250	21281.250	-96.01	0.0000	0.000	21281.250	165.5093	FF				
16	Spectrogram 1	1	237.089441668	237.518871427	9240.6	16299.5	12937.500	12468.750	-90.19	0.4294	7058.824	12937.500	237.2213		SA	A	0	SB
17	Spectrogram 1	1	237.102695673	237.102695673	9754.0	9754.0	9750.000	9750.000	-83.83	0.0000	0.000	9750.000	237.1040	FI				
18	Spectrogram 1	1	237.516220626	237.516220626	15529.4	15529.4	15562.500	15562.500	-87.84	0.0000	0.000	15562.500	237.5147	FF				
19	Spectrogram 1	1	237.704427495	238.086142836	9497.3	16171.1	15000.000	13031.250	-88.66	0.3817	6673.797	15000.000	237.9573		SA	A	0	SB
20	Spectrogram 1	1	237.717681500	237.717681500	10139.0	10139.0	10125.000	10125.000	-99.23	0.0000	0.000	10125.000	237.7173	FI				
21	Spectrogram 1	1	238.075539632	238.075539632	15529.4	15529.4	15562.500	15562.500	-78.10	0.0000	0.000	15562.500	238.0747	FF				
22	Spectrogram 1	1	278.630287152	279.049113707	5133.7	22973.3	9937.500	9937.500	-84.85	0.4188	17839.572	9937.500	278.9333		SA	A	0	SB
23	Spectrogram 1	1	278.651493560	278.651493560	5775.4	5775.4	5812.500	5812.500	-79.24	0.0000	0.000	5812.500	278.6507	FI				
24	Spectrogram 1	1	279.049113707	279.049113707	22331.6	22331.6	22312.500	22312.500	-91.61	0.0000	0.000	22312.500	279.0507	FF				
25	Spectrogram 1	1	281.112704911	281.454658237	6032.1	18096.3	7875.000	10125.000	-91.43	0.3420	12064.171	7875.000	281.3280		NA	A	0	SB
26	Spectrogram 1	1	281.130630566	281.130630566	6417.1	6417.1	6375.000	6375.000	-89.95	0.0000	0.000	6375.000	281.1307	FI				
27	Spectrogram 1	1	281.454028286	281.454028286	16684.5	16684.5	16687.500	16687.500	-111.27	0.0000	0.000	16687.500	281.4560	FF				
28	Spectrogram 1	1	310.883631668	311.230886596	9112.3	17839.6	9750.000	13125.000	-90.19	0.3473	8727.273	9750.000	311.0133		NA	A	0	SB
29	Spectrogram 1	1	310.896885673	310.896885673	10010.7	10010.7	10031.250	10031.250	-93.47	0.0000	0.000	10031.250	310.8960	FI				
30	Spectrogram 1	1	311.212330989	311.212330989	17326.2	17326.2	17343.750	17343.750	-83.28	0.0000	0.000	17343.750	311.2107	FF				
31	Spectrogram 1	1	316.093134511	316.427135434	5903.7	15144.4	6281.250	9656.250	-88.17	0.3340	9240.642	6281.250	316.1173		SA	A	0	SB
32	Spectrogram 1	1	316.116991720	316.116991720	6288.8	6288.8	6281.250	6281.250	-67.57	0.0000	0.000	6281.250	316.1173	FI				
33	Spectrogram 1	1	316.408579828	316.408579828	14887.7	14887.7	14906.250	14906.250	-95.22	0.0000	0.000	14906.250	316.4107	FF				
34	Spectrogram 1	1	319.546972641	319.814703540	8727.3	13604.3	12468.750	10875.000	-92.32	0.2677	4877.005	12468.750	319.7600		SA	A	0	SB
35	Spectrogram 1	1	319.570829850	319.570829850	9369.0	9369.0	9375.000	9375.000	-90.39	0.0000	0.000	9375.000	319.5733	FI				
36	Spectrogram 1	1	319.793497132	319.793497132	12962.6	12962.6	12937.500	12937.500	-98.51	0.0000	0.000	12937.500	319.7920	FF				
37	Spectrogram 1	1	326.305377721	326.604918232	7828.9	18609.6	15187.500	15656.250	-81.22	0.2995	10780.749	15187.500	326.3840		SA	A	0	SB
38	Spectrogram 1	1	326.315980925	326.315980925	8598.9	8598.9	8625.000	8625.000	-76.97	0.0000	0.000	8625.000	326.3147	FI				
39	Spectrogram 1	1	326.594315028	326.594315028	17839.6	17839.6	17812.500	17812.500	-70.04	0.0000	0.000	17812.500	326.5920	FF				
40	Spectrogram 1	1	326.861045020	327.030696283	8470.6	18352.9	10406.250	11906.250	-85.33	0.1697	9882.353	10406.250	326.8907		SA	A	0	SB
41	Spectrogram 1	1	326.876949826	326.876949826	9112.3	9112.3	9093.750	9093.750	-68.61	0.0000	0.000	9093.750	326.8747	FI				
42	Spectrogram 1	1	327.020093079	327.020093079	17454.5	17454.5	17437.500	17437.500	-83.25	0.0000	0.000	17437.500	327.0187	FF				
43	Spectrogram 1	1	343.306230259	343.656135988	10267.4	17069.5	14343.750	13500.000	-88.76	0.3499	6802.139	14343.750	343.4880		SA	A	0	SB
44	Spectrogram 1	1	343.332738268	343.332738268	11037.4	11037.4	11062.500	11062.500	-78.62	0.0000	0.000	11062.500	343.3333	FI				
45	Spectrogram 1	1	343.653485187	343.653485187	15914.4	15914.4	15937.500	15937.500	-86.47	0.0000	0.000	15937.500	343.6533	FF				
46	Spectrogram 1	1	354.994302742	355.459153780	9112.3	19123.0	13593.750	13687.500	-88.11	0.4649	10010.695	13593.750	355.3440		NA	A	0	SB
47	Spectrogram 1	1	355.001800339	355.001800339	10524.1	10524.1	10500.000	10500.000	-86.47	0.0000	0.000	10500.000	355.0027	FI				
48	Spectrogram 1	1	355.444158585	355.444158585	18224.6	18224.6	18187.500	18187.500	-107.29	0.0000	0.000	18187.500	355.4453	FF				
49	Spectrogram 1	1	382.318107469	382.606764968	6930.5	19379.7	11437.500	10968.750	-92.17	0.2887	12449.198	11437.500	382.4480		SA	A	0	SB
50	Spectrogram 1	1	382.348097859	382.348097859	7443.9	7443.9	7406.250	7406.250	-97.88	0.0000	0.000	7406.250	382.3467	FI				
51	Spectrogram 1	1	382.591769774	382.591769774	18994.7	18994.7	19031.250	19031.250	-77.16	0.0000	0.000	19031.250	382.5920	FF				
52	Spectrogram 1	1	384.589835676	384.953469149	7443.9	16556.1	14343.750	12187.500	-92.74	0.3636	9112.299	14343.750	384.8267		SA	A	0	SB
53	Spectrogram 1	1	384.623574864	384.623574864	7957.2	7957.2	7968.750	7968.750	-87.71	0.0000	0.000	7968.750	384.6240	FI				
54	Spectrogram 1	1	384.945971552	384.945971552	16042.8	16042.8	16031.250	16031.250	-90.46	0.0000	0.000	16031.250	384.9440	FF				
55	Spectrogram 1	1	392.816956485	393.120609179	10524.1	17839.6	13125.000	13500.000	-91.86	0.3037	7315.508	13125.000	392.9013		SA	A	0	SB
56	Spectrogram 1	1	392.839449277	392.839449277	11037.4	11037.4	11062.500	11062.500	-86.82	0.0000	0.000	11062.500	392.8373	FI				
57	Spectrogram 1	1	393.105613984	393.105613984	17197.9	17197.9	17156.250	17156.250	-96.42	0.0000	0.000	17156.250	393.1040	FF				
58	Spectrogram 1	1	474.990936681	475.275845382	11165.8	17839.6	17343.750	15187.500	-93.88	0.2849	6673.797	17343.750	475.2480		SA	A	0	SB
59	Spectrogram 1	1	475.002183077	475.002183077	11550.8	11550.8	11531.250	11531.250	-99.06	0.0000	0.000	11531.250	475.0027	FI				
60	Spectrogram 1	1	475.253352590	475.253352590	17454.5	17454.5	17437.500	17437.500	-77.08	0.0000	0.000	17437.500	475.2533	FF				
61	Spectrogram 1	1	476.377308996	476.705328882	7828.9	17711.2	14906.250	12843.750	-92.02	0.3280	9882.353	14906.250	476.5707		SA	A	0	SB
62	Spectrogram 1	1	476.392304191	476.392304191	8342.2	8342.2	8343.750	8343.750	-90.08	0.0000	0.000	8343.750	476.3947	FI				
63	Spectrogram 1	1	476.699705684	476.699705684	17454.5	17454.5	17437.500	17437.500	-98.45	0.0000	0.000	17437.500	476.6987	FF				
64	Spectrogram 1	1	478.157343493	478.498484174	10909.1	30673.8	17906.250	18000.000	-97.43	0.3411	19764.706	17906.250	478.3520		SA	A	0	SB
65	Spectrogram 1	1	478.172338687	478.172338687	11422.5	11422.5	11437.500	11437.500	-97.97	0.0000	0.000	11437.500	478.1707	FI				
66	Spectrogram 1	1	478.490986576	478.490986576	29775.4	29775.4	29812.500	29812.500	-94.25	0.0000	0.000	29812.500	478.4907	FF				
67	Spectrogram 1	1	502.879172988	503.212816072	6160.4	15786.1	8531.250	9750.000	-90.54	0.3336	9625.668	8531.250	502.9440		SA	A	0	SB
68	Spectrogram 1	1	502.894168183	502.894168183	6802.1	6802.1	6843.750	6843.750	-83.00	0.0000	0.000	6843.750	502.8960	FI				
69	Spectrogram 1	1	503.209067274	503.209067274	15272.7	15272.7	15281.250	15281.250	-86.47	0.0000	0.000	15281.250	503.2107	FF				
70	Spectrogram 1	1	537.543405648	537.805821556	5775.4	22588.2	7781.250	10312.500	-89.20	0.2624	16812.834	7781.250	537.6853		NA	A	0	SB
71	Spectrogram 1	1	537.558400842	537.558400842	6802.1	6802.1	6843.750	6843.750	-77.13	0.0000	0.000	6843.750	537.5573	FI				
72	Spectrogram 1	1	537.787077563	537.787077563	21561.5	21561.5	21562.500	21562.500	-82.07	0.0000	0.000	21562.500	537.7867	FF				
73	Spectrogram 1	1	542.935243446	543.283881724	6288.8	21304.8	17531.250	16125.000	-88.41	0.3486	15016.043	17531.250	543.1253		NA	A	0	SB
74	Spectrogram 1	1	542.961485037	542.961485037	6802.1	6802.1	6843.750	6843.750	-91.80	0.0000	0.000	6843.750	542.9600	FI				
75	Spectrogram 1	1	543.261388932	543.261388932	20406.4	20406.4	20437.500	20437.500	-104.91	0.0000	0.000	20437.500	543.2640	FF				
76	Spectrogram 1	1	554.149271424	554.527900092	7058.8	17967.9	7218.750	8812.500	-87.56	0.3786	10909.091	7218.750	554.5173		NA	A	0	SB
77	Spectrogram 1	1	554.168015417	554.168015417	7572.2	7572.2	7593.750	7593.750	-81.92	0.0000	0.000	7593.750	554.1707	FI				
78	Spectrogram 1	1	554.512904897	554.512904897	17069.5	17069.5	17062.500	17062.500	-91.77	0.0000	0.000	17062.500	554.5120	FF				
79	Spectrogram 1	1	624.428658292	624.841026149	8855.6	14374.3	9375.000	10593.750	-86.86	0.4124	5518.717	9375.000	624.6347		SA	A	0	SB
80	Spectrogram 1	1	624.454899883	624.454899883	8598.9	8598.9	8625.000	8625.000	-96.06	0.0000	0.000	8625.000	624.4533	FI				
81	Spectrogram 1	1	624.837277350	624.837277350	13861.0	13861.0	13875.000	13875.000	-92.63	0.0000	0.000	13875.000	624.8373	FF				
82	Spectrogram 1	1	627.344693379	627.655843670	5262.0	17582.9	9656.250	10218.750	-89.85	0.3112	12320.856	9656.250	627.4667		SA	A	0	SB
83	Spectrogram 1	1	627.352190976	627.352190976	6032.1	6032.1	6000.000	6000.000	-80.90	0.0000	0.000	6000.000	627.3547	FI				
84	Spectrogram 1	1	627.652094872	627.652094872	16684.5	16684.5	16687.500	16687.500	-91.32	0.0000	0.000	16687.500	627.6533	FF				
85	Spectrogram 1	1	665.242423298	665.591061577	11422.5	15016.0	13312.500	13312.500	-89.64	0.3486	3593.583	13312.500	665.4347		SA	A	0	SB
86	Spectrogram 1	1	665.257418493	665.257418493	11807.5	11807.5	11812.500	11812.500	-93.44	0.0000	0.000	11812.500	665.2587	FI				
87	Spectrogram 1	1	665.568568784	665.568568784	14502.7	14502.7	14531.250	14531.250	-80.09	0.0000	0.000	14531.250	665.5680	FF				
88	Spectrogram 1	1	659.928814900	660.131250029	7828.9	18352.9	9093.750	11437.500	-89.22	0.2024	10524.064	9093.750	660.1280		NA	A	0	SB
89	Spectrogram 1	1	659.951307692	659.951307692	8598.9	8598.9	8625.000	8625.000	-97.67	0.0000	0.000	8625.000	659.9520	FI				
90	Spectrogram 1	1	660.123752432	660.123752432	17839.6	17839.6	17812.500	17812.500	-82.74	0.0000	0.000	17812.500	660.1227	FF				
91	Spectrogram 1	1	698.904038765	699.601315322	12192.5	17582.9	15281.250	15375.000	-88.90	0.6973	5390.374	15281.250	699.0293		SA	C	0	SB
92	Spectrogram 1	1	698.926531557	698.926531557	12449.2	12449.2	12468.750	12468.750	-81.80	0.0000	0.000	12468.750	698.9280	FI				
93	Spectrogram 1	1	699.590068926	699.590068926	17197.9	17197.9	17156.250	17156.250	-90.82	0.0000	0.000	17156.250	699.5893	FF				
94	Spectrogram 1	1	702.514437715	702.915559175	11550.8	17069.5	15562.500	15187.500	-88.10	0.4011	5518.717	15562.500	702.6933		SA	A	0	SB
95	Spectrogram 1	1	702.551925702	702.551925702	11935.8	11935.8	11906.250	11906.250	-95.24	0.0000	0.000	11906.250	702.5493	FI				
96	Spectrogram 1	1	702.896815182	702.896815182	16171.1	16171.1	16125.000	16125.000	-87.03	0.0000	0.000	16125.000	702.8960	FF				
97	Spectrogram 1	1	706.800423700	707.152810777	10395.7	16941.2	15750.000	13500.000	-87.11	0.3524	6545.455	15750.000	707.0507		SA	A	0	SB
98	Spectrogram 1	1	706.815418895	706.815418895	10652.4	10652.4	10687.500	10687.500	-89.38	0.0000	0.000	10687.500	706.8160	FI				
99	Spectrogram 1	1	707.137815582	707.137815582	16684.5	16684.5	16687.500	16687.500	-85.46	0.0000	0.000	16687.500	707.1360	FF				
100	Spectrogram 1	1	732.066675359	732.430308832	9369.0	16556.1	10968.750	12468.750	-83.65	0.3636	7187.166	10968.750	732.2613		NA	A	0	SB
101	Spectrogram 1	1	732.100414547	732.100414547	10010.7	10010.7	10031.250	10031.250	-92.38	0.0000	0.000	10031.250	732.1013	FI				
102	Spectrogram 1	1	732.411564839	732.411564839	16171.1	16171.1	16125.000	16125.000	-73.15	0.0000	0.000	16125.000	732.4107	FF				
103	Spectrogram 1	1	735.567528524	735.901171608	10139.0	17197.9	12468.750	13593.750	-90.60	0.3336	7058.824	12468.750	735.6213		SA	A	0	SB
104	Spectrogram 1	1	735.590021316	735.590021316	10909.1	10909.1	10875.000	10875.000	-92.29	0.0000	0.000	10875.000	735.5893	FI				
105	Spectrogram 1	1	735.893674011	735.893674011	16427.8	16427.8	16406.250	16406.250	-78.75	0.0000	0.000	16406.250	735.8933	FF				
106	Spectrogram 1	1	759.997404664	760.503492487	5775.4	18352.9	9281.250	10406.250	-87.70	0.5061	12577.540	9281.250	760.2187		SA	A	0	SB
107	Spectrogram 1	1	760.023646255	760.023646255	6545.5	6545.5	6562.500	6562.500	-87.08	0.0000	0.000	6562.500	760.0213	FI				
108	Spectrogram 1	1	760.492246091	760.492246091	17839.6	17839.6	17812.500	17812.500	-80.61	0.0000	0.000	17812.500	760.4907	FF				
109	Spectrogram 1	1	853.908950125	854.193858825	5647.1	16427.8	12562.500	12000.000	-87.43	0.2849	10780.749	12562.500	854.0587		SA	A	0	SB
110	Spectrogram 1	1	853.927694118	853.927694118	6288.8	6288.8	6281.250	6281.250	-76.12	0.0000	0.000	6281.250	853.9253	FI				
111	Spectrogram 1	1	854.171366033	854.171366033	16171.1	16171.1	16125.000	16125.000	-77.73	0.0000	0.000	16125.000	854.1707	FF				
112	Spectrogram 1	1	852.087520456	852.267462793	11807.5	18096.3	16031.250	15000.000	-85.20	0.1799	6288.770	16031.250	852.2133		SA	A	0	SB
113	Spectrogram 1	1	852.106264449	852.106264449	12192.5	12192.5	12187.500	12187.500	-81.29	0.0000	0.000	12187.500	852.1067	FI				
114	Spectrogram 1	1	852.259965196	852.259965196	17967.9	17967.9	18000.000	18000.000	-74.97	0.0000	0.000	18000.000	852.2613	FF				
115	Spectrogram 1	1	858.816444389	859.236309842	9112.3	22973.3	10968.750	12187.500	-84.94	0.4199	13860.963	10968.750	859.1253		NA	A	0	SB
116	Spectrogram 1	1	858.842685980	858.842685980	9625.7	9625.7	9656.250	9656.250	-81.68	0.0000	0.000	9656.250	858.8427	FI				
117	Spectrogram 1	1	859.217565849	859.217565849	22331.6	22331.6	22312.500	22312.500	-80.71	0.0000	0.000	22312.500	859.2160	FF				
118	Spectrogram 1	1	859.509972147	859.866108023	9497.3	22588.2	19125.000	14625.000	-89.62	0.3561	13090.909	19125.000	859.7547		SA	A	0	SB
119	Spectrogram 1	1	859.543711335	859.543711335	9882.4	9882.4	9843.750	9843.750	-84.40	0.0000	0.000	9843.750	859.5413	FI				
120	Spectrogram 1	1	859.858610426	859.858610426	21561.5	21561.5	21562.500	21562.500	-94.68	0.0000	0.000	21562.500	859.8560	FF				
121	Spectrogram 1	1	864.386978559	864.784351221	8727.3	25668.4	19406.250	16875.000	-88.83	0.3974	16941.176	19406.250	864.6133		SA	A	0	SB
122	Spectrogram 1	1	864.401973754	864.401973754	9625.7	9625.7	9656.250	9656.250	-102.52	0.0000	0.000	9656.250	864.4000	FI				
123	Spectrogram 1	1	864.773104825	864.773104825	24385.0	24385.0	24375.000	24375.000	-102.45	0.0000	0.000	24375.000	864.7733	FF				
124	Spectrogram 1	1	869.443539381	869.855907238	10524.1	18224.6	10781.250	12281.250	-86.51	0.4124	7700.535	10781.250	869.5520		SA	A	0	SB
125	Spectrogram 1	1	869.466032173	869.466032173	10780.7	10780.7	10781.250	10781.250	-101.42	0.0000	0.000	10781.250	869.4667	FI				
126	Spectrogram 1	1	869.852158439	869.852158439	17711.2	17711.2	17718.750	17718.750	-86.11	0.0000	0.000	17718.750	869.8507	FF				
127	Spectrogram 1	1	876.189573415	876.485728512	9882.4	17839.6	14250.000	13125.000	-88.25	0.2962	7957.219	14250.000	876.4053		SA	A	0	SB
128	Spectrogram 1	1	876.193322214	876.193322214	10909.1	10909.1	10875.000	10875.000	-90.22	0.0000	0.000	10875.000	876.1920	FI				
129	Spectrogram 1	1	876.466984518	876.466984518	17454.5	17454.5	17437.500	17437.500	-94.92	0.0000	0.000	17437.500	876.4693	FF				
130	Spectrogram 1	1	884.622435457	885.031054515	8598.9	22588.2	9375.000	11156.250	-88.32	0.4086	13989.305	9375.000	884.8267		NA	A	0	SB
131	Spectrogram 1	1	884.637430652	884.637430652	8855.6	8855.6	8812.500	8812.500	-81.55	0.0000	0.000	8812.500	884.6400	FI				
132	Spectrogram 1	1	885.012310521	885.012310521	22074.9	22074.9	22031.250	22031.250	-102.94	0.0000	0.000	22031.250	885.0133	FF				
133	Spectrogram 1	1	910.146512637	910.510146110	11165.8	17967.9	16875.000	15093.750	-86.85	0.3636	6802.139	16875.000	910.4693		SA	A	0	SS
134	Spectrogram 1	1	910.157759033	910.157759033	11422.5	11422.5	11437.500	11437.500	-89.58	0.0000	0.000	11437.500	910.1600	FI				
135	Spectrogram 1	1	910.502648513	910.502648513	17326.2	17326.2	17343.750	17343.750	-69.75	0.0000	0.000	17343.750	910.5013	FF				
136	Spectrogram 1	1	913.869386514	914.128053624	10780.7	18224.6	16875.000	14343.750	-90.44	0.2587	7443.850	16875.000	914.0960		SA	A	0	SB
137	Spectrogram 1	1	913.891879306	913.891879306	11294.1	11294.1	11250.000	11250.000	-83.44	0.0000	0.000	11250.000	913.8933	FI				
138	Spectrogram 1	1	914.116807228	914.116807228	17582.9	17582.9	17625.000	17625.000	-80.44	0.0000	0.000	17625.000	914.1173	FF				
139	Spectrogram 1	1	918.376546139	918.905126755	10780.7	18096.3	16593.750	14062.500	-89.78	0.5286	7315.508	16593.750	918.8427		SA	A	0	SB
140	Spectrogram 1	1	918.387792535	918.387792535	11679.1	11679.1	11718.750	11718.750	-90.09	0.0000	0.000	11718.750	918.3893	FI				
141	Spectrogram 1	1	918.893880359	918.893880359	17454.5	17454.5	17437.500	17437.500	-85.67	0.0000	0.000	17437.500	918.8960	FF				
142	Spectrogram 1	1	924.358666828	924.714802703	10010.7	17582.9	10031.250	12937.500	-88.51	0.3561	7572.193	10031.250	924.4853		NA	A	0	SB
143	Spectrogram 1	1	924.377410821	924.377410821	10652.4	10652.4	10687.500	10687.500	-95.74	0.0000	0.000	10687.500	924.3787	FI				
144	Spectrogram 1	1	924.699807509	924.699807509	17069.5	17069.5	17062.500	17062.500	-86.80	0.0000	0.000	17062.500	924.6987	FF				
145	Spectrogram 1	1	1114.125279612	1114.451425099	11422.5	18096.3	16968.750	16500.000	-87.36	0.3261	6673.797	16968.750	1114.4053		SA	A	0	SB
146	Spectrogram 1	1	1114.147772405	1114.147772405	11935.8	11935.8	11906.250	11906.250	-82.27	0.0000	0.000	11906.250	1114.1493	FI				
147	Spectrogram 1	1	1114.440178703	1114.440178703	17711.2	17711.2	17718.750	17718.750	-74.97	0.0000	0.000	17718.750	1114.4427	FF				
148	Spectrogram 1	1	1115.114962468	1115.489842337	7700.5	15657.8	8906.250	10781.250	-89.54	0.3749	7957.219	8906.250	1115.1787		SA	A	0	SB
149	Spectrogram 1	1	1115.144952857	1115.144952857	7828.9	7828.9	7875.000	7875.000	-91.68	0.0000	0.000	7875.000	1115.1467	FI				
150	Spectrogram 1	1	1115.474847142	1115.474847142	15144.4	15144.4	15187.500	15187.500	-93.62	0.0000	0.000	15187.500	1115.4773	FF				
151	Spectrogram 1	1	1158.491531871	1159.008866091	6673.8	17454.5	15750.000	10875.000	-87.36	0.5173	10780.749	15750.000	1158.8960		SA	A	0	SB
152	Spectrogram 1	1	1158.532768657	1158.532768657	7058.8	7058.8	7031.250	7031.250	-84.71	0.0000	0.000	7031.250	1158.5333	FI				
153	Spectrogram 1	1	1159.008866091	1159.008866091	17197.9	17197.9	17156.250	17156.250	-93.56	0.0000	0.000	17156.250	1159.0080	FF				
154	Spectrogram 1	1	1171.184176626	1171.596544482	6802.1	16042.8	9000.000	9000.000	-86.40	0.4124	9240.642	9000.000	1171.3707		SA	A	0	SB
155	Spectrogram 1	1	1171.206669418	1171.206669418	7315.5	7315.5	7312.500	7312.500	-92.45	0.0000	0.000	7312.500	1171.2053	FI				
156	Spectrogram 1	1	1171.581549287	1171.581549287	15657.8	15657.8	15656.250	15656.250	-79.03	0.0000	0.000	15656.250	1171.5840	FF				
157	Spectrogram 1	1	1188.666466250	1188.985114139	14502.7	16042.8	15187.500	15187.500	-83.95	0.3186	1540.107	15187.500	1188.7947		SA	C	0	SB
158	Spectrogram 1	1	1188.696456640	1188.696456640	15016.0	15016.0	15000.000	15000.000	-77.66	0.0000	0.000	15000.000	1188.6987	FI				
159	Spectrogram 1	1	1188.962621347	1188.962621347	14631.0	14631.0	14625.000	14625.000	-84.76	0.0000	0.000	14625.000	1188.9600	FF				
160	Spectrogram 1	1	1282.317283744	1282.639680431	7443.9	16556.1	13125.000	12937.500	-80.90	0.3224	9112.299	13125.000	1282.4800		SA	A	0	SS
161	Spectrogram 1	1	1282.332278938	1282.332278938	7957.2	7957.2	7968.750	7968.750	-83.37	0.0000	0.000	7968.750	1282.3307	FI				
162	Spectrogram 1	1	1282.620936438	1282.620936438	16299.5	16299.5	16312.500	16312.500	-71.94	0.0000	0.000	16312.500	1282.6187					
163	Spectrogram 1	1	1473.802472718	1474.226086970	7187.2	22588.2	11812.500	12468.750	-83.49	0.4236	15401.070	11812.500	1473.9307		SA	A	0	SB
164	Spectrogram 1	1	1473.821216711	1473.821216711	7828.9	7828.9	7875.000	7875.000	-101.09	0.0000	0.000	7875.000	1473.8187	FI				
165	Spectrogram 1	1	1474.214840574	1474.214840574	21433.2	21433.2	21468.750	21468.750	-75.15	0.0000	0.000	21468.750	1474.2133	FF				
166	Spectrogram 1	1	1512.772268719	1513.143399790	11679.1	28748.7	18468.750	16968.750	-89.67	0.3711	17069.519	18468.750	1512.9333		SA	A	0	SB
167	Spectrogram 1	1	1512.783515115	1512.783515115	12449.2	12449.2	12468.750	12468.750	-82.03	0.0000	0.000	12468.750	1512.7840	FI				
168	Spectrogram 1	1	1513.139650991	1513.139650991	27978.6	27978.6	27937.500	27937.500	-103.02	0.0000	0.000	27937.500	1513.1413	FF				
169	Spectrogram 1	1	1516.672166757	1517.122022601	11807.5	28363.6	19781.250	16593.750	-89.02	0.4499	16556.150	19781.250	1516.8800		SA	A	0	SS
170	Spectrogram 1	1	1516.687161952	1516.687161952	12577.5	12577.5	12562.500	12562.500	-76.45	0.0000	0.000	12562.500	1516.6880	FI				
171	Spectrogram 1	1	1517.114525003	1517.114525003	27465.2	27465.2	27468.750	27468.750	-102.43	0.0000	0.000	27468.750	1517.1147	FF				
172	Spectrogram 1	1	1737.680850973	1737.947015680	9882.4	18994.7	18562.500	14250.000	-82.75	0.2662	9112.299	18562.500	1737.9093		SA	A	0	SB
173	Spectrogram 1	1	1737.699594967	1737.699594967	10909.1	10909.1	10875.000	10875.000	-81.18	0.0000	0.000	10875.000	1737.7013	FI				
174	Spectrogram 1	1	1737.935769284	1737.935769284	18738.0	18738.0	18750.000	18750.000	-91.06	0.0000	0.000	18750.000	1737.9360	FF				
175	Spectrogram 1	1	1741.042599693	1741.481209140	9497.3	31443.9	12937.500	13593.750	-87.91	0.4386	21946.524	12937.500	1741.2053		SA	A	0	SS
176	Spectrogram 1	1	1741.057594888	1741.057594888	10139.0	10139.0	10125.000	10125.000	-83.19	0.0000	0.000	10125.000	1741.0560	FI				
177	Spectrogram 1	1	1741.466213946	1741.466213946	30417.1	30417.1	30375.000	30375.000	-107.84	0.0000	0.000	30375.000	1741.4667	FF				
