Selection	View	Channel	Begin Time (s)	End Time (s)	Low Freq (Hz)	High Freq (Hz)	Max Freq (Hz)	Center Freq (Hz)	Avg Power Density (dB FS)	Delta Time (s)	Delta Freq (Hz)	Peak Freq (Hz)	Peak Time (s)	observacoes	pf_check	modulacao	PI	sobreposicao
1	Spectrogram 1	1	3.464641580	3.993222196	11837.4	24455.3	12187.500	16875.000	-79.77	0.5286	12617.886	12187.500	3.7867		NA	A	0	
2	Spectrogram 1	1	3.494631970	3.494631970	12577.5	12577.5	12562.500	12562.500	-74.15	0.0000	0.000	12562.500	3.4933	FI				
3	Spectrogram 1	1	3.951985410	3.951985410	24000.0	24000.0	24000.000	24000.000	-88.48	0.0000	0.000	24000.000	3.9520	FF				
4	Spectrogram 1	1	15.359276996	15.617944105	10909.1	14374.3	13500.000	13500.000	-74.87	0.2587	3465.241	13500.000	15.5733		SA	C	0	SB
5	Spectrogram 1	1	15.374272190	15.374272190	11679.1	11679.1	11718.750	11718.750	-83.03	0.0000	0.000	11718.750	15.3760	FI				
6	Spectrogram 1	1	15.602948911	15.602948911	13604.3	13604.3	13593.750	13593.750	-65.77	0.0000	0.000	13593.750	15.6053	FF				
7	Spectrogram 1	1	37.896847271	38.264229543	6545.5	27978.6	18656.250	18281.250	-79.52	0.3674	21433.155	18656.250	38.0053		SA	M	2	SB
8	Spectrogram 1	1	37.919340063	37.919340063	7828.9	7828.9	7875.000	7875.000	-73.15	0.0000	0.000	7875.000	37.9200	FI				
9	Spectrogram 1	1	38.260480744	38.260480744	27336.9	27336.9	27375.000	27375.000	-73.26	0.0000	0.000	27375.000	38.2613	FF				
10	Spectrogram 1	1	39.400115547	39.718763436	13989.3	19508.0	18375.000	18187.500	-79.67	0.3186	5518.717	18375.000	39.4933		SA	M	2	SB
11	Spectrogram 1	1	39.418859541	39.418859541	14759.4	14759.4	14718.750	14718.750	-75.97	0.0000	0.000	14718.750	39.4187	FI				
12	Spectrogram 1	1	39.703768241	39.703768241	18609.6	18609.6	18656.250	18656.250	-81.12	0.0000	0.000	18656.250	39.7013	FF				
13	Spectrogram 1	1	40.519287603	40.830437894	8085.6	28748.7	18187.500	18000.000	-78.97	0.3112	20663.102	18187.500	40.6240		SA	M	2	SB
14	Spectrogram 1	1	40.541780395	40.541780395	8984.0	8984.0	9000.000	9000.000	-64.61	0.0000	0.000	9000.000	40.5440	FI				
15	Spectrogram 1	1	40.819191498	40.819191498	27465.2	27465.2	27468.750	27468.750	-91.57	0.0000	0.000	27468.750	40.8213	FF				
16	Spectrogram 1	1	41.216564160	41.535212049	8984.0	19508.0	18750.000	16406.250	-76.36	0.3186	10524.064	18750.000	41.3440		SA	A	0	SB
17	Spectrogram 1	1	41.224061757	41.224061757	10267.4	10267.4	10312.500	10312.500	-77.65	0.0000	0.000	10312.500	41.2267	FI				
18	Spectrogram 1	1	41.523965653	41.523965653	18352.9	18352.9	18375.000	18375.000	-73.05	0.0000	0.000	18375.000	41.5253	FF				
19	Spectrogram 1	1	45.088102959	45.429243641	7315.5	27080.2	18093.750	17156.250	-78.96	0.3411	19764.706	18093.750	45.1787		SA	M	2	SB
20	Spectrogram 1	1	45.103098154	45.103098154	8855.6	8855.6	8812.500	8812.500	-73.28	0.0000	0.000	8812.500	45.1040	FI				
21	Spectrogram 1	1	45.410499647	45.410499647	26310.2	26310.2	26343.750	26343.750	-92.87	0.0000	0.000	26343.750	45.4080	FF				
22	Spectrogram 1	1	62.958152742	63.434250176	8085.6	30802.1	14156.250	14531.250	-75.98	0.4761	22716.578	14156.250	63.1253		SA	A	0	SB
23	Spectrogram 1	1	62.976896736	62.976896736	8470.6	8470.6	8437.500	8437.500	-72.04	0.0000	0.000	8437.500	62.9760	FI				
24	Spectrogram 1	1	63.419254982	63.419254982	29775.4	29775.4	29812.500	29812.500	-91.04	0.0000	0.000	29812.500	63.4187	FF				
25	Spectrogram 1	1	63.505477352	63.921594007	5390.4	18738.0	5531.250	11531.250	-74.15	0.4161	13347.594	5531.250	63.8027		NA	A	0	SB
26	Spectrogram 1	1	63.520472546	63.520472546	6673.8	6673.8	6656.250	6656.250	-69.83	0.0000	0.000	6656.250	63.5200	FI				
27	Spectrogram 1	1	63.906598812	63.906598812	18096.3	18096.3	18093.750	18093.750	-72.82	0.0000	0.000	18093.750	63.9040	FF				
28	Spectrogram 1	1	64.618870564	64.997499232	9497.3	20919.8	18281.250	16968.750	-76.35	0.3786	11422.460	18281.250	64.8107		SA	M	2	SB
29	Spectrogram 1	1	64.637614557	64.637614557	10524.1	10524.1	10500.000	10500.000	-81.59	0.0000	0.000	10500.000	64.6400	FI				
30	Spectrogram 1	1	64.993750433	64.993750433	19764.7	19764.7	19781.250	19781.250	-78.57	0.0000	0.000	19781.250	64.9920	FF				
31	Spectrogram 1	1	66.356547861	66.693939743	11037.4	25155.1	11437.500	17718.750	-80.29	0.3374	14117.647	11437.500	66.5120		NA	A	0	SB
32	Spectrogram 1	1	66.382789452	66.382789452	12320.9	12320.9	12281.250	12281.250	-75.88	0.0000	0.000	12281.250	66.3840	FI				
33	Spectrogram 1	1	66.678944549	66.678944549	24385.0	24385.0	24375.000	24375.000	-91.86	0.0000	0.000	24375.000	66.6773	FF				
34	Spectrogram 1	1	67.260008346	67.751100975	10909.1	22844.9	21843.750	16968.750	-78.90	0.4911	11935.829	21843.750	67.6853		NA	A	0	SB
35	Spectrogram 1	1	67.282501138	67.282501138	11807.5	11807.5	11812.500	11812.500	-71.52	0.0000	0.000	11812.500	67.2800	FI				
36	Spectrogram 1	1	67.724859384	67.724859384	21304.8	21304.8	21281.250	21281.250	-85.98	0.0000	0.000	21281.250	67.7227	FF				
37	Spectrogram 1	1	68.002270487	68.463372727	5262.0	27593.6	17250.000	16687.500	-79.26	0.4611	22331.551	17250.000	68.1440		SA	M	2	SB
38	Spectrogram 1	1	68.021014481	68.021014481	5775.4	5775.4	5812.500	5812.500	-63.87	0.0000	0.000	5812.500	68.0213	FI				
39	Spectrogram 1	1	68.448377532	68.448377532	26438.5	26438.5	26437.500	26437.500	-71.42	0.0000	0.000	26437.500	68.4480	FF				
40	Spectrogram 1	1	68.676611557	69.085230615	6160.4	18738.0	18093.750	16406.250	-81.58	0.4086	12577.540	18093.750	69.0293		SA	A	0	SB
41	Spectrogram 1	1	68.699104350	68.699104350	7315.5	7315.5	7312.500	7312.500	-88.69	0.0000	0.000	7312.500	68.6987	FI				
42	Spectrogram 1	1	69.066486622	69.066486622	18224.6	18224.6	18187.500	18187.500	-85.99	0.0000	0.000	18187.500	69.0667	FF				
43	Spectrogram 1	1	71.890484917	72.261615988	7187.2	26823.5	18281.250	18000.000	-78.63	0.3711	19636.364	18281.250	72.0053		SA	M	2	SB
44	Spectrogram 1	1	71.905480112	71.905480112	7957.2	7957.2	7968.750	7968.750	-71.18	0.0000	0.000	7968.750	71.9040	FI				
45	Spectrogram 1	1	72.246620793	72.246620793	26053.5	26053.5	26062.500	26062.500	-76.30	0.0000	0.000	26062.500	72.2453	FF				
46	Spectrogram 1	1	72.718969429	73.026370922	14117.6	21176.5	18468.750	18468.750	-78.22	0.3074	7058.824	18468.750	72.9653		SA	M	2	SB
47	Spectrogram 1	1	72.733964623	72.733964623	14631.0	14631.0	14625.000	14625.000	-77.51	0.0000	0.000	14625.000	72.7360	FI				
48	Spectrogram 1	1	73.011375727	73.011375727	20149.7	20149.7	20156.250	20156.250	-94.64	0.0000	0.000	20156.250	73.0133	FF				
49	Spectrogram 1	1	73.225057252	73.554951537	7187.2	29903.7	18937.500	18375.000	-83.80	0.3299	22716.578	18937.500	73.3227		SA	M	2	SB
50	Spectrogram 1	1	73.240052447	73.240052447	7957.2	7957.2	7968.750	7968.750	-78.51	0.0000	0.000	7968.750	73.2427	FI				
51	Spectrogram 1	1	73.539956343	73.539956343	29390.4	29390.4	29343.750	29343.750	-79.36	0.0000	0.000	29343.750	73.5413	FF				
52	Spectrogram 1	1	93.902834077	94.341443524	8727.3	28748.7	16125.000	17718.750	-85.38	0.4386	20021.390	16125.000	94.0267		SA	A	0	SB
53	Spectrogram 1	1	93.914080473	93.914080473	9497.3	9497.3	9468.750	9468.750	-87.26	0.0000	0.000	9468.750	93.9147	FI				
54	Spectrogram 1	1	94.307704336	94.307704336	27721.9	27721.9	27750.000	27750.000	-78.70	0.0000	0.000	27750.000	94.3093	FF				
55	Spectrogram 1	1	96.562316960	96.820984069	9240.6	19508.0	10500.000	13500.000	-83.11	0.2587	10267.380	10500.000	96.5920		SA	A	0	SB
56	Spectrogram 1	1	96.577312154	96.577312154	9882.4	9882.4	9843.750	9843.750	-75.77	0.0000	0.000	9843.750	96.5760	FI				
57	Spectrogram 1	1	96.809737673	96.809737673	18866.3	18866.3	18843.750	18843.750	-85.30	0.0000	0.000	18843.750	96.8107	FF				
58	Spectrogram 1	1	97.199612737	97.503265432	5390.4	17069.5	6468.750	9281.250	-78.76	0.3037	11679.144	6468.750	97.2853		SA	A	0	SB
59	Spectrogram 1	1	97.218356731	97.218356731	5775.4	5775.4	5812.500	5812.500	-64.43	0.0000	0.000	5812.500	97.2160	FI				
60	Spectrogram 1	1	97.495767834	97.495767834	16556.1	16556.1	16593.750	16593.750	-76.86	0.0000	0.000	16593.750	97.4933	FF				
61	Spectrogram 1	1	98.688683606	99.097302664	6160.4	25155.1	17156.250	16218.750	-78.26	0.4086	18994.652	17156.250	98.8267		SA	M	2	SB
62	Spectrogram 1	1	98.722422794	98.722422794	6673.8	6673.8	6656.250	6656.250	-72.14	0.0000	0.000	6656.250	98.7200	FI				
63	Spectrogram 1	1	99.089805066	99.089805066	24641.7	24641.7	24656.250	24656.250	-75.67	0.0000	0.000	24656.250	99.0880	FF				
64	Spectrogram 1	1	101.586013017	102.002129672	8984.0	16941.2	14250.000	14250.000	-68.74	0.4161	7957.219	14250.000	101.7867		SA	A	0	SB
65	Spectrogram 1	1	101.616003407	101.616003407	9369.0	9369.0	9375.000	9375.000	-82.40	0.0000	0.000	9375.000	101.6160	FI				
66	Spectrogram 1	1	101.987134477	101.987134477	16299.5	16299.5	16312.500	16312.500	-74.92	0.0000	0.000	16312.500	101.9893	FF				
67	Spectrogram 1	1	122.681573225	122.981477121	8984.0	20406.4	18562.500	18468.750	-80.04	0.2999	11422.460	18562.500	122.8587		SA	M	2	SB
68	Spectrogram 1	1	122.685322024	122.685322024	10010.7	10010.7	10031.250	10031.250	-76.07	0.0000	0.000	10031.250	122.6827	FI				
69	Spectrogram 1	1	122.970230725	122.970230725	20149.7	20149.7	20156.250	20156.250	-80.17	0.0000	0.000	20156.250	122.9707	FF				
70	Spectrogram 1	1	137.409810187	137.679723693	6417.1	26053.5	16500.000	15750.000	-84.67	0.2699	19636.364	16500.000	137.4880		SA	A	0	SB
71	Spectrogram 1	1	137.421056584	137.421056584	7187.2	7187.2	7218.750	7218.750	-94.02	0.0000	0.000	7218.750	137.4187	FI				
72	Spectrogram 1	1	137.675974895	137.675974895	24513.4	24513.4	24468.750	24468.750	-94.71	0.0000	0.000	24468.750	137.6747	FF				
73	Spectrogram 1	1	148.357684424	148.905009033	12192.5	24513.4	19406.250	17812.500	-85.05	0.5473	12320.856	19406.250	148.6507		SA	A	0	SB
74	Spectrogram 1	1	148.372679619	148.372679619	13090.9	13090.9	13125.000	13125.000	-91.96	0.0000	0.000	13125.000	148.3733	FI				
75	Spectrogram 1	1	148.893762637	148.893762637	23871.7	23871.7	23906.250	23906.250	-72.43	0.0000	0.000	23906.250	148.8960	FF				
76	Spectrogram 1	1	160.750469084	161.297793693	10780.7	25283.4	10875.000	14906.250	-85.23	0.5473	14502.674	10875.000	161.0400		NA	A	0	SB
77	Spectrogram 1	1	160.772961876	160.772961876	11422.5	11422.5	11437.500	11437.500	-84.84	0.0000	0.000	11437.500	160.7733	FI				
78	Spectrogram 1	1	161.282798499	161.282798499	24385.0	24385.0	24375.000	24375.000	-90.14	0.0000	0.000	24375.000	161.2853	FF				
79	Spectrogram 1	1	178.256474882	178.552629979	8342.2	13732.6	11437.500	10687.500	-78.27	0.2962	5390.374	11437.500	178.5013		NA	A	0	SB
80	Spectrogram 1	1	178.275218876	178.275218876	8727.3	8727.3	8718.750	8718.750	-78.74	0.0000	0.000	8718.750	178.2773	FI				
81	Spectrogram 1	1	178.548881181	178.548881181	13347.6	13347.6	13312.500	13312.500	-81.66	0.0000	0.000	13312.500	178.5493	FF				
82	Spectrogram 1	1	180.154118266	180.607722908	11037.4	23743.3	12093.750	17343.750	-79.04	0.4536	12705.882	12093.750	180.1760		SA	A	0	SB
83	Spectrogram 1	1	180.176611058	180.176611058	12192.5	12192.5	12187.500	12187.500	-67.06	0.0000	0.000	12187.500	180.1760	FI				
84	Spectrogram 1	1	180.585230116	180.585230116	23229.9	23229.9	23250.000	23250.000	-102.82	0.0000	0.000	23250.000	180.5867	FF				
85	Spectrogram 1	1	266.023491637	266.300902740	8342.2	13604.3	9187.500	10218.750	-80.80	0.2774	5262.032	9187.500	266.2880		NA	A	0	SB
86	Spectrogram 1	1	266.042235630	266.042235630	8855.6	8855.6	8812.500	8812.500	-81.33	0.0000	0.000	8812.500	266.0427	FI				
87	Spectrogram 1	1	266.293405143	266.293405143	13090.9	13090.9	13125.000	13125.000	-77.34	0.0000	0.000	13125.000	266.2933	FF				
88	Spectrogram 1	1	267.653333679	268.084445529	6160.4	21689.8	14812.500	12750.000	-82.38	0.4311	15529.412	14812.500	267.9360		SA	A	0	SB
89	Spectrogram 1	1	267.690821666	267.690821666	6673.8	6673.8	6656.250	6656.250	-76.92	0.0000	0.000	6656.250	267.6907	FI				
90	Spectrogram 1	1	268.069450334	268.069450334	20791.4	20791.4	20812.500	20812.500	-90.27	0.0000	0.000	20812.500	268.0693	FF				
91	Spectrogram 1	1	277.716087047	278.004744546	8470.6	14374.3	10781.250	11156.250	-81.93	0.2887	5903.743	10781.250	277.8507		SA	A	0	SB
92	Spectrogram 1	1	277.727333443	277.727333443	9112.3	9112.3	9093.750	9093.750	-81.22	0.0000	0.000	9093.750	277.7280	FI				
93	Spectrogram 1	1	277.993498150	277.993498150	13732.6	13732.6	13687.500	13687.500	-87.63	0.0000	0.000	13687.500	277.9947	FF				
94	Spectrogram 1	1	282.499859988	282.826005474	8984.0	14631.0	12656.250	11625.000	-81.21	0.3261	5647.059	12656.250	282.6027		NA	A	0	SB
95	Spectrogram 1	1	282.526101579	282.526101579	9625.7	9625.7	9656.250	9656.250	-92.30	0.0000	0.000	9656.250	282.5280	FI				
96	Spectrogram 1	1	282.807261481	282.807261481	14117.6	14117.6	14156.250	14156.250	-80.33	0.0000	0.000	14156.250	282.8053	FF				
97	Spectrogram 1	1	332.707008101	332.909443231	6673.8	28877.0	26906.250	15281.250	-79.29	0.2024	22203.209	26906.250	332.8640		SA	A	0	SB
98	Spectrogram 1	1	332.725752095	332.725752095	7315.5	7315.5	7312.500	7312.500	-75.98	0.0000	0.000	7312.500	332.7253	FI				
99	Spectrogram 1	1	332.890699237	332.890699237	28235.3	28235.3	28218.750	28218.750	-75.89	0.0000	0.000	28218.750	332.8907	FF				
100	Spectrogram 1	1	362.161776979	362.442936881	7957.2	19636.4	11156.250	12000.000	-81.38	0.2812	11679.144	11156.250	362.2400		SA	A	0	SB
101	Spectrogram 1	1	362.180520973	362.180520973	8855.6	8855.6	8812.500	8812.500	-75.42	0.0000	0.000	8812.500	362.1813	FI				
102	Spectrogram 1	1	362.431690485	362.431690485	18866.3	18866.3	18843.750	18843.750	-86.64	0.0000	0.000	18843.750	362.4320	FF				
103	Spectrogram 1	1	392.887784766	393.281408629	6032.1	14374.3	10500.000	9937.500	-79.36	0.3936	8342.246	10500.000	393.1733		SA	A	0	SB
104	Spectrogram 1	1	392.902779961	392.902779961	7443.9	7443.9	7406.250	7406.250	-72.39	0.0000	0.000	7406.250	392.9013	FI				
105	Spectrogram 1	1	393.273911032	393.273911032	13732.6	13732.6	13687.500	13687.500	-75.62	0.0000	0.000	13687.500	393.2747	FF				
106	Spectrogram 1	1	385.688189892	386.141794534	4877.0	15144.4	10500.000	9656.250	-78.59	0.4536	10267.380	10500.000	386.0213		SA	A	0	SB
107	Spectrogram 1	1	385.706933885	385.706933885	6160.4	6160.4	6187.500	6187.500	-88.04	0.0000	0.000	6187.500	385.7067	FI				
108	Spectrogram 1	1	386.134296937	386.134296937	14759.4	14759.4	14718.750	14718.750	-82.74	0.0000	0.000	14718.750	386.1333	FF				
109	Spectrogram 1	1	395.133664793	395.662245409	6160.4	14502.7	10312.500	9937.500	-81.31	0.5286	8342.246	10312.500	395.4720		SA	A	0	SB
110	Spectrogram 1	1	395.156157585	395.156157585	7187.2	7187.2	7218.750	7218.750	-79.62	0.0000	0.000	7218.750	395.1573	FI				
111	Spectrogram 1	1	395.621008623	395.621008623	14374.3	14374.3	14343.750	14343.750	-93.89	0.0000	0.000	14343.750	395.6213	FF				
112	Spectrogram 1	1	400.925389053	401.367747298	7315.5	14759.4	9656.250	10031.250	-80.13	0.4424	7443.850	9656.250	401.1680		SA	A	0	SB
113	Spectrogram 1	1	400.940384247	400.940384247	7700.5	7700.5	7687.500	7687.500	-92.15	0.0000	0.000	7687.500	400.9387	FI				
114	Spectrogram 1	1	401.352752104	401.352752104	14374.3	14374.3	14343.750	14343.750	-79.46	0.0000	0.000	14343.750	401.3547	FF				
115	Spectrogram 1	1	411.193927455	411.430101773	9240.6	13732.6	10593.750	11156.250	-82.87	0.2362	4491.979	10593.750	411.2747		SA	A	0	SB
116	Spectrogram 1	1	411.212671449	411.212671449	9625.7	9625.7	9656.250	9656.250	-78.40	0.0000	0.000	9656.250	411.2107	FI				
117	Spectrogram 1	1	411.418855377	411.418855377	12834.2	12834.2	12843.750	12843.750	-96.60	0.0000	0.000	12843.750	411.4187	FF				
118	Spectrogram 1	1	423.008167601	423.285578704	8213.9	14374.3	12750.000	11531.250	-84.23	0.2774	6160.428	12750.000	423.2533		SA	A	0	SB
119	Spectrogram 1	1	423.023162795	423.023162795	8984.0	8984.0	9000.000	9000.000	-73.63	0.0000	0.000	9000.000	423.0240	FI				
120	Spectrogram 1	1	423.278081107	423.278081107	13732.6	13732.6	13687.500	13687.500	-95.23	0.0000	0.000	13687.500	423.2800	FF				
121	Spectrogram 1	1	498.159962989	498.617316430	6545.5	17711.2	8062.500	9375.000	-80.51	0.4574	11165.775	8062.500	498.2933		SA	A	0	SB
122	Spectrogram 1	1	498.178706983	498.178706983	6545.5	6545.5	6562.500	6562.500	-75.64	0.0000	0.000	6562.500	498.1813	FI				
123	Spectrogram 1	1	498.579828443	498.579828443	17326.2	17326.2	17343.750	17343.750	-81.14	0.0000	0.000	17343.750	498.5813	FF				
124	Spectrogram 1	1	501.265557028	501.636688099	6930.5	16556.1	8343.750	12750.000	-79.94	0.3711	9625.668	8343.750	501.3973		SA	A	0	SB
125	Spectrogram 1	1	501.284301022	501.284301022	7187.2	7187.2	7218.750	7218.750	-81.80	0.0000	0.000	7218.750	501.2853	FI				
126	Spectrogram 1	1	501.617944105	501.617944105	15786.1	15786.1	15750.000	15750.000	-72.29	0.0000	0.000	15750.000	501.6160	FF				
127	Spectrogram 1	1	535.110479097	535.537842148	6160.4	16556.1	9937.500	11156.250	-78.17	0.4274	10395.722	9937.500	535.2213		SA	A	0	SB
128	Spectrogram 1	1	535.129223090	535.129223090	6545.5	6545.5	6562.500	6562.500	-71.30	0.0000	0.000	6562.500	535.1307	FI				
129	Spectrogram 1	1	535.519098154	535.519098154	16042.8	16042.8	16031.250	16031.250	-74.11	0.0000	0.000	16031.250	535.5200	FF				
130	Spectrogram 1	1	543.468403483	543.918259326	6930.5	20278.1	13687.500	13312.500	-77.60	0.4499	13347.594	13687.500	543.7707		NA	A	0	SB
131	Spectrogram 1	1	543.490896275	543.490896275	7700.5	7700.5	7687.500	7687.500	-91.14	0.0000	0.000	7687.500	543.4933	FI				
132	Spectrogram 1	1	543.907012930	543.907012930	19251.3	19251.3	19218.750	19218.750	-82.18	0.0000	0.000	19218.750	543.9093	FF				
133	Spectrogram 1	1	544.611787085	545.069140525	6032.1	24641.7	10500.000	11718.750	-83.42	0.4574	18609.626	10500.000	544.6240		NA	A	0	SB
134	Spectrogram 1	1	544.645526273	544.645526273	6802.1	6802.1	6843.750	6843.750	-77.36	0.0000	0.000	6843.750	544.6453	FI				
135	Spectrogram 1	1	545.057894129	545.057894129	24128.3	24128.3	24093.750	24093.750	-79.70	0.0000	0.000	24093.750	545.0560	FF				
136	Spectrogram 1	1	546.209573115	546.678172952	6288.8	22844.9	6468.750	10687.500	-84.95	0.4686	16556.150	6468.750	546.3520		NA	A	0	SB
137	Spectrogram 1	1	546.232065907	546.232065907	6930.5	6930.5	6937.500	6937.500	-71.22	0.0000	0.000	6937.500	546.2347	FI				
138	Spectrogram 1	1	546.663177757	546.663177757	22074.9	22074.9	22031.250	22031.250	-79.17	0.0000	0.000	22031.250	546.6613	FF				
139	Spectrogram 1	1	554.542053698	554.973165548	5390.4	26053.5	10687.500	10500.000	-86.88	0.4311	20663.102	10687.500	554.6773		SA	A	0	SB
140	Spectrogram 1	1	554.560797691	554.560797691	6032.1	6032.1	6000.000	6000.000	-80.63	0.0000	0.000	6000.000	554.5600	FI				
141	Spectrogram 1	1	554.965667950	554.965667950	25283.4	25283.4	25312.500	25312.500	-85.99	0.0000	0.000	25312.500	554.9653	FF				
142	Spectrogram 1	1	559.263343026	559.645720493	8213.9	15272.7	13687.500	12843.750	-80.07	0.3824	7058.824	13687.500	559.4720		SA	A	0	SB
143	Spectrogram 1	1	559.282087020	559.282087020	8727.3	8727.3	8718.750	8718.750	-73.92	0.0000	0.000	8718.750	559.2800	FI				
144	Spectrogram 1	1	559.623227701	559.623227701	14887.7	14887.7	14906.250	14906.250	-79.33	0.0000	0.000	14906.250	559.6213	FF				
145	Spectrogram 1	1	570.715616427	571.172969867	6160.4	23615.0	8343.750	10687.500	-80.98	0.4574	17454.545	8343.750	570.7893		SA	A	0	SB
146	Spectrogram 1	1	570.730611621	570.730611621	6930.5	6930.5	6937.500	6937.500	-82.31	0.0000	0.000	6937.500	570.7307	FI				
147	Spectrogram 1	1	571.157974672	571.157974672	22844.9	22844.9	22875.000	22875.000	-79.07	0.0000	0.000	22875.000	571.1573	FF				
148	Spectrogram 1	1	574.777953290	575.179074751	6032.1	19123.0	12843.750	12656.250	-82.18	0.4011	13090.909	12843.750	575.0133		SA	A	0	SB
149	Spectrogram 1	1	574.807943680	574.807943680	6673.8	6673.8	6656.250	6656.250	-81.96	0.0000	0.000	6656.250	574.8053	FI				
150	Spectrogram 1	1	575.171577153	575.171577153	18609.6	18609.6	18656.250	18656.250	-70.10	0.0000	0.000	18656.250	575.1733	FF				
151	Spectrogram 1	1	575.141586764	575.456485854	6545.5	12834.2	8343.750	9093.750	-82.88	0.3149	6288.770	8343.750	575.2107		SA	A	0	SB
152	Spectrogram 1	1	575.167828355	575.167828355	7058.8	7058.8	7031.250	7031.250	-80.68	0.0000	0.000	7031.250	575.1680	FI				
153	Spectrogram 1	1	575.448988257	575.448988257	12064.2	12064.2	12093.750	12093.750	-93.66	0.0000	0.000	12093.750	575.4507	FF				
154	Spectrogram 1	1	575.973820074	576.446168709	5775.4	23358.3	9093.750	10125.000	-84.65	0.4723	17582.888	9093.750	576.0693		SA	A	0	SB
155	Spectrogram 1	1	576.003810463	576.003810463	6417.1	6417.1	6375.000	6375.000	-82.04	0.0000	0.000	6375.000	576.0053	FI				
156	Spectrogram 1	1	576.434922313	576.434922313	22074.9	22074.9	22031.250	22031.250	-85.95	0.0000	0.000	22031.250	576.4373	FF				
157	Spectrogram 1	1	576.620241859	576.980126533	11422.5	26438.5	22218.750	17531.250	-84.49	0.3599	15016.043	22218.750	576.9227		SA	A	0	SB
158	Spectrogram 1	1	576.642734651	576.642734651	12449.2	12449.2	12468.750	12468.750	-116.30	0.0000	0.000	12468.750	576.6453	FI				
159	Spectrogram 1	1	576.965131339	576.965131339	25155.1	25155.1	25125.000	25125.000	-91.39	0.0000	0.000	25125.000	576.9653	FF				
160	Spectrogram 1	1	588.866823370	589.361664798	4492.0	22074.9	6000.000	10312.500	-82.22	0.4948	17582.888	6000.000	588.9867		NA	A	0	SB
161	Spectrogram 1	1	588.885567363	588.885567363	5005.3	5005.3	4968.750	4968.750	-106.40	0.0000	0.000	4968.750	588.8853	FI				
162	Spectrogram 1	1	589.354167200	589.354167200	21433.2	21433.2	21468.750	21468.750	-82.51	0.0000	0.000	21468.750	589.3547	FF				
163	Spectrogram 1	1	588.079575644	588.503189897	6673.8	18738.0	11250.000	11343.750	-81.60	0.4236	12064.171	11250.000	588.4853		NA	A	0	SB
164	Spectrogram 1	1	588.105817235	588.105817235	7572.2	7572.2	7593.750	7593.750	-74.76	0.0000	0.000	7593.750	588.1067	FI				
165	Spectrogram 1	1	588.488194702	588.488194702	18224.6	18224.6	18187.500	18187.500	-75.70	0.0000	0.000	18187.500	588.4907	FF				
166	Spectrogram 1	1	862.575959181	862.988327037	6545.5	21433.2	9281.250	13125.000	-69.92	0.4124	14887.701	9281.250	862.7627		SA	A	0	SB
167	Spectrogram 1	1	862.617195967	862.617195967	6802.1	6802.1	6843.750	6843.750	-63.04	0.0000	0.000	6843.750	862.6187	FI				
168	Spectrogram 1	1	862.973331843	862.973331843	20534.8	20534.8	20531.250	20531.250	-73.51	0.0000	0.000	20531.250	862.9760	FF				
169	Spectrogram 1	1	863.213254959	863.599381224	5903.7	24128.3	9000.000	12468.750	-73.70	0.3861	18224.599	9000.000	863.3707		SA	A	0	SB
170	Spectrogram 1	1	863.239496550	863.239496550	6417.1	6417.1	6375.000	6375.000	-84.31	0.0000	0.000	6375.000	863.2373	FI				
171	Spectrogram 1	1	863.584386030	863.584386030	23229.9	23229.9	23250.000	23250.000	-75.60	0.0000	0.000	23250.000	863.5840	FF				
172	Spectrogram 1	1	862.129852136	862.669679148	8213.9	24128.3	11250.000	12000.000	-67.83	0.5398	15914.439	11250.000	862.2773		SA	A	0	SB
173	Spectrogram 1	1	862.148596130	862.148596130	8470.6	8470.6	8437.500	8437.500	-70.78	0.0000	0.000	8437.500	862.1493	FI				
174	Spectrogram 1	1	862.669679148	862.669679148	23871.7	23871.7	23906.250	23906.250	-85.70	0.0000	0.000	23906.250	862.6720	FF				
175	Spectrogram 1	1	940.020709757	940.523048782	6032.1	23615.0	9562.500	11718.750	-71.92	0.5023	17582.888	9562.500	940.2720		SA	A	0	SB
176	Spectrogram 1	1	940.054448945	940.054448945	6673.8	6673.8	6656.250	6656.250	-63.54	0.0000	0.000	6656.250	940.0533	FI				
177	Spectrogram 1	1	940.504304788	940.504304788	22973.3	22973.3	22968.750	22968.750	-75.71	0.0000	0.000	22968.750	940.5067	FF				
178	Spectrogram 1	1	940.755474301	941.164093358	6417.1	23229.9	10687.500	10593.750	-69.92	0.4086	16812.834	10687.500	940.9653		SA	A	0	SB
179	Spectrogram 1	1	940.789213489	940.789213489	6930.5	6930.5	6937.500	6937.500	-62.48	0.0000	0.000	6937.500	940.7893	FI				
180	Spectrogram 1	1	941.152846962	941.152846962	22973.3	22973.3	22968.750	22968.750	-73.22	0.0000	0.000	22968.750	941.1520	FF				
181	Spectrogram 1	1	941.647688390	942.071302642	5647.1	21048.1	11531.250	10687.500	-72.55	0.4236	15401.070	11531.250	941.8560		SA	A	0	SB
182	Spectrogram 1	1	941.658934786	941.658934786	6288.8	6288.8	6281.250	6281.250	-67.39	0.0000	0.000	6281.250	941.6587	FI				
183	Spectrogram 1	1	942.056307447	942.056307447	20534.8	20534.8	20531.250	20531.250	-60.55	0.0000	0.000	20531.250	942.0587	FF				
184	Spectrogram 1	1	1002.509017416	1002.955124461	5390.4	21433.2	9750.000	13031.250	-66.84	0.4461	16042.781	9750.000	1002.7200		SA	A	0	SB
185	Spectrogram 1	1	1002.524012611	1002.524012611	6160.4	6160.4	6187.500	6187.500	-58.79	0.0000	0.000	6187.500	1002.5227	FI				
186	Spectrogram 1	1	1002.936380467	1002.936380467	21176.5	21176.5	21187.500	21187.500	-81.73	0.0000	0.000	21187.500	1002.9387	FF				
187	Spectrogram 1	1	1003.198796376	1003.652401018	6160.4	25925.1	9000.000	10218.750	-69.59	0.4536	19764.706	9000.000	1003.4027		SA	A	0	SB
188	Spectrogram 1	1	1003.225037967	1003.225037967	6545.5	6545.5	6562.500	6562.500	-74.11	0.0000	0.000	6562.500	1003.2267	FI				
189	Spectrogram 1	1	1003.644903421	1003.644903421	25155.1	25155.1	25125.000	25125.000	-73.21	0.0000	0.000	25125.000	1003.6427	FF				
190	Spectrogram 1	1	1037.322764811	1037.641412700	7828.9	18609.6	15281.250	12750.000	-69.08	0.3186	10780.749	15281.250	1037.5573		SA	A	0	SS
191	Spectrogram 1	1	1037.341508805	1037.341508805	8727.3	8727.3	8718.750	8718.750	-65.68	0.0000	0.000	8718.750	1037.3440	FI				
192	Spectrogram 1	1	1037.637663901	1037.637663901	17967.9	17967.9	18000.000	18000.000	-59.44	0.0000	0.000	18000.000	1037.6373	FF				
193	Spectrogram 1	1	1175.207787762	1175.627653216	6032.1	26695.2	9843.750	9375.000	-72.62	0.4199	20663.102	9843.750	1175.4027		SA	A	0	SB
194	Spectrogram 1	1	1175.230280554	1175.230280554	6288.8	6288.8	6281.250	6281.250	-66.84	0.0000	0.000	6281.250	1175.2320	FI				
195	Spectrogram 1	1	1175.623904417	1175.623904417	25925.1	25925.1	25968.750	25968.750	-81.75	0.0000	0.000	25968.750	1175.6213	FF				
196	Spectrogram 1	1	1178.250090806	1178.437530741	6417.1	23486.6	19312.500	17718.750	-78.41	0.1874	17069.519	19312.500	1178.3733		SA	A	0	SB
197	Spectrogram 1	1	1178.283829994	1178.283829994	7187.2	7187.2	7218.750	7218.750	-74.92	0.0000	0.000	7218.750	1178.2827	FI				
198	Spectrogram 1	1	1178.418786747	1178.418786747	22973.3	22973.3	22968.750	22968.750	-66.13	0.0000	0.000	22968.750	1178.4213	FF				
199	Spectrogram 1	1	1179.459234030	1179.890345880	7058.8	29390.4	17531.250	16687.500	-71.47	0.4311	22331.551	17531.250	1179.6373		SA	M	2	SB
200	Spectrogram 1	1	1179.492973218	1179.492973218	8342.2	8342.2	8343.750	8343.750	-58.97	0.0000	0.000	8343.750	1179.4933	FI				
201	Spectrogram 1	1	1179.890345880	1179.890345880	28363.6	28363.6	28406.250	28406.250	-93.09	0.0000	0.000	28406.250	1179.8880	FF				
202	Spectrogram 1	1	1372.253119087	1372.500539801	10780.7	15786.1	14062.500	13593.750	-80.71	0.2474	5005.348	14062.500	1372.4107		SA	A	0	SB
203	Spectrogram 1	1	1372.264365483	1372.264365483	11550.8	11550.8	11531.250	11531.250	-74.19	0.0000	0.000	11531.250	1372.2667	FI				
204	Spectrogram 1	1	1372.478047009	1372.478047009	15401.1	15401.1	15375.000	15375.000	-78.05	0.0000	0.000	15375.000	1372.4800	FF				
205	Spectrogram 1	1	1474.188598983	1474.567227651	11037.4	30032.1	16312.500	16218.750	-82.89	0.3786	18994.652	16312.500	1474.3467		SA	A	0	SB
206	Spectrogram 1	1	1474.203594178	1474.203594178	11294.1	11294.1	11250.000	11250.000	-66.90	0.0000	0.000	11250.000	1474.2027	FI				
207	Spectrogram 1	1	1474.552232456	1474.552232456	28877.0	28877.0	28875.000	28875.000	-76.13	0.0000	0.000	28875.000	1474.5547	FF				
208	Spectrogram 1	1	1452.870981768	1453.212122449	10652.4	31572.2	16687.500	17343.750	-85.32	0.3411	20919.786	16687.500	1453.0347		SA	A	0	SB
209	Spectrogram 1	1	1452.889725761	1452.889725761	11422.5	11422.5	11437.500	11437.500	-76.49	0.0000	0.000	11437.500	1452.8907	FI				
210	Spectrogram 1	1	1453.200876053	1453.200876053	30673.8	30673.8	30656.250	30656.250	-86.63	0.0000	0.000	30656.250	1453.2000	FF				
211	Spectrogram 1	1	1608.092886240	1608.576481271	5775.4	19764.7	6375.000	10500.000	-81.29	0.4836	13989.305	6375.000	1608.2293		SA	A	0	SB
212	Spectrogram 1	1	1608.119127831	1608.119127831	6160.4	6160.4	6187.500	6187.500	-85.93	0.0000	0.000	6187.500	1608.1173	FI				
213	Spectrogram 1	1	1608.568983674	1608.568983674	19251.3	19251.3	19218.750	19218.750	-76.53	0.0000	0.000	19218.750	1608.5707	FF				
214	Spectrogram 1	1	1621.098398017	1621.375809121	5775.4	19893.0	8156.250	11156.250	-76.83	0.2774	14117.647	8156.250	1621.1520		SA	A	0	SB
215	Spectrogram 1	1	1621.120890809	1621.120890809	6160.4	6160.4	6187.500	6187.500	-72.95	0.0000	0.000	6187.500	1621.1200	FI				
216	Spectrogram 1	1	1621.368311523	1621.368311523	19251.3	19251.3	19218.750	19218.750	-73.67	0.0000	0.000	19218.750	1621.3707	FF				
217	Spectrogram 1	1	1632.740585463	1632.939271793	6160.4	22331.6	19500.000	14250.000	-74.80	0.1987	16171.123	19500.000	1632.8693		SA	A	0	SB
218	Spectrogram 1	1	1632.759329456	1632.759329456	6930.5	6930.5	6937.500	6937.500	-60.94	0.0000	0.000	6937.500	1632.7573	FI				
219	Spectrogram 1	1	1632.913030202	1632.913030202	21946.5	21946.5	21937.500	21937.500	-63.20	0.0000	0.000	21937.500	1632.9120	FF				
220	Spectrogram 1	1	1638.215377845	1638.515281741	6288.8	20406.4	7031.250	9093.750	-73.56	0.2999	14117.647	7031.250	1638.2773		SA	A	0	SB
221	Spectrogram 1	1	1638.222875443	1638.222875443	6545.5	6545.5	6562.500	6562.500	-70.59	0.0000	0.000	6562.500	1638.2240	FI				
222	Spectrogram 1	1	1638.507784144	1638.507784144	20021.4	20021.4	20062.500	20062.500	-67.10	0.0000	0.000	20062.500	1638.5067	FF				
223	Spectrogram 1	1	1671.879912140	1672.457227139	7828.9	28877.0	14062.500	13875.000	-76.25	0.5773	21048.128	14062.500	1672.1120		SA	A	0	SB
224	Spectrogram 1	1	1671.891158536	1671.891158536	8598.9	8598.9	8625.000	8625.000	-68.99	0.0000	0.000	8625.000	1671.8933	FI				
225	Spectrogram 1	1	1672.442231944	1672.442231944	28235.3	28235.3	28218.750	28218.750	-86.23	0.0000	0.000	28218.750	1672.4427	FF				
226	Spectrogram 1	1	1674.346982256	1674.703118132	5903.7	17967.9	8437.500	8812.500	-70.49	0.3561	12064.171	8437.500	1674.5333		SA	A	0	SB
227	Spectrogram 1	1	1674.369475048	1674.369475048	6673.8	6673.8	6656.250	6656.250	-60.95	0.0000	0.000	6656.250	1674.3680	FI				
228	Spectrogram 1	1	1674.688122937	1674.688122937	17454.5	17454.5	17437.500	17437.500	-78.55	0.0000	0.000	17437.500	1674.6880	FF				
229	Spectrogram 1	1	1711.652795392	1712.005182469	5775.4	15657.8	6562.500	9093.750	-76.31	0.3524	9882.353	6562.500	1711.7653		SA	A	0	SB
230	Spectrogram 1	1	1711.682785782	1711.682785782	5903.7	5903.7	5906.250	5906.250	-75.34	0.0000	0.000	5906.250	1711.6853	FI				
231	Spectrogram 1	1	1712.001433671	1712.001433671	15144.4	15144.4	15187.500	15187.500	-77.29	0.0000	0.000	15187.500	1712.0000	FF				
232	Spectrogram 1	1	1710.539402180	1710.843054874	13861.0	20406.4	15187.500	15187.500	-73.08	0.3037	6545.455	15187.500	1710.7307		SA	A	0	SB
233	Spectrogram 1	1	1710.550648576	1710.550648576	15401.1	15401.1	15375.000	15375.000	-70.91	0.0000	0.000	15375.000	1710.5493	FI				
234	Spectrogram 1	1	1710.831808478	1710.831808478	19379.7	19379.7	19406.250	19406.250	-74.29	0.0000	0.000	19406.250	1710.8320	FF				
235	Spectrogram 1	1	1713.969908077	1714.416015122	5903.7	16427.8	10406.250	9375.000	-73.75	0.4461	10524.064	10406.250	1714.3040		SA	A	0	SB
236	Spectrogram 1	1	1714.003647265	1714.003647265	6160.4	6160.4	6187.500	6187.500	-68.83	0.0000	0.000	6187.500	1714.0053	FI				
237	Spectrogram 1	1	1714.401019927	1714.401019927	16042.8	16042.8	16031.250	16031.250	-73.40	0.0000	0.000	16031.250	1714.4000	FF				
238	Spectrogram 1	1	1713.400090676	1713.786216941	7058.8	14887.7	13500.000	12093.750	-83.71	0.3861	7828.877	13500.000	1713.4507		NA	A	0	SB
239	Spectrogram 1	1	1713.422583468	1713.422583468	7572.2	7572.2	7593.750	7593.750	-76.84	0.0000	0.000	7593.750	1713.4240	FI				
240	Spectrogram 1	1	1713.767472948	1713.767472948	14374.3	14374.3	14343.750	14343.750	-89.97	0.0000	0.000	14343.750	1713.7653	FF				
241	Spectrogram 1	1	1728.748513315	1729.119644386	10139.0	22588.2	11906.250	13031.250	-80.62	0.3711	12449.198	11906.250	1728.9067		SA	A	0	SB
242	Spectrogram 1	1	1728.771006107	1728.771006107	10395.7	10395.7	10406.250	10406.250	-66.27	0.0000	0.000	10406.250	1728.7733	FI				
243	Spectrogram 1	1	1729.108397990	1729.108397990	21818.2	21818.2	21843.750	21843.750	-71.37	0.0000	0.000	21843.750	1729.1093	FF				
